GerstnerCUDAH;Interval;GerstnerCUDAN;Time;
0.013410;0.039546;0.006026;0.000895;
0.004195;0.010652;0.005347;0.042691;
0.004491;0.009089;0.003573;0.053683;
0.004904;0.009264;0.003475;0.062864;
0.003577;0.010443;0.003811;0.072159;
0.003361;0.007557;0.003482;0.082648;
0.003617;0.007812;0.003315;0.090234;
0.005350;0.009277;0.003431;0.098080;
0.003568;0.007842;0.003506;0.107384;
0.003221;0.007199;0.003412;0.121834;
0.007048;0.011195;0.003386;0.129072;
0.004187;0.008326;0.003417;0.140296;
0.005939;0.009898;0.003520;0.148659;
0.003500;0.010147;0.006129;0.158587;
0.003442;0.007391;0.003369;0.168769;
0.003420;0.009989;0.006112;0.176188;
0.003482;0.007318;0.003391;0.186207;
0.003487;0.009746;0.005773;0.193552;
0.003485;0.007335;0.003406;0.203333;
0.003475;0.009503;0.005549;0.210707;
0.003455;0.007402;0.003497;0.220242;
0.003472;0.009759;0.005848;0.227672;
0.003489;0.007463;0.003414;0.237460;
0.005181;0.009402;0.003758;0.244953;
0.003507;0.007485;0.003424;0.254383;
0.005688;0.009788;0.003564;0.261897;
0.003424;0.007780;0.003827;0.271721;
0.004815;0.008779;0.003405;0.279546;
0.003551;0.007781;0.003591;0.288354;
0.003986;0.008167;0.003627;0.296170;
0.003538;0.007542;0.003493;0.304367;
0.003869;0.007716;0.003388;0.311955;
0.003554;0.007614;0.003522;0.319700;
0.004492;0.008384;0.003413;0.327343;
0.003504;0.007393;0.003423;0.335755;
0.003458;0.008247;0.004347;0.343176;
0.003485;0.007318;0.003415;0.351450;
0.003425;0.008343;0.004392;0.358794;
0.003524;0.007430;0.003414;0.367165;
0.003634;0.008567;0.004284;0.374622;
0.003523;0.007336;0.003382;0.383221;
0.003475;0.007304;0.003358;0.390585;
0.004207;0.008502;0.003406;0.397918;
0.003428;0.007549;0.003514;0.406453;
0.004365;0.008194;0.003393;0.414037;
0.003454;0.007504;0.003428;0.422259;
0.003761;0.007795;0.003547;0.429840;
0.003545;0.008099;0.003504;0.437667;
0.003983;0.007742;0.003322;0.445800;
0.003434;0.007608;0.003587;0.453585;
0.004576;0.008730;0.003479;0.461222;
0.003341;0.007424;0.003439;0.469982;
0.003829;0.009261;0.004038;0.477438;
0.003894;0.007838;0.003378;0.486737;
0.003773;0.008795;0.004602;0.494605;
0.003551;0.007507;0.003483;0.503428;
0.003556;0.009395;0.005414;0.510963;
0.003527;0.007303;0.003327;0.520385;
0.004984;0.008840;0.003389;0.527716;
0.003519;0.007402;0.003376;0.536584;
0.003653;0.008483;0.004346;0.544015;
0.003484;0.007371;0.003386;0.552526;
0.003462;0.008348;0.004471;0.559927;
0.003500;0.007216;0.003340;0.568303;
0.003445;0.008149;0.004348;0.575550;
0.003453;0.007435;0.003349;0.583728;
0.003474;0.007521;0.003582;0.591195;
0.004050;0.007886;0.003404;0.598746;
0.003519;0.007356;0.003355;0.606658;
0.004006;0.007861;0.003387;0.614054;
0.003504;0.007498;0.003504;0.621946;
0.004015;0.007978;0.003481;0.629473;
0.003530;0.007427;0.003439;0.637479;
0.004337;0.008218;0.003370;0.644934;
0.003507;0.007397;0.003480;0.653182;
0.003459;0.008352;0.004350;0.660607;
0.003453;0.007325;0.003405;0.668999;
0.003472;0.008233;0.004305;0.676351;
0.003571;0.007932;0.003389;0.684614;
0.003421;0.008318;0.004315;0.692579;
0.003551;0.007386;0.003407;0.700927;
0.003473;0.007641;0.003388;0.708340;
0.003871;0.007753;0.003382;0.716013;
0.003566;0.007608;0.003378;0.723795;
0.003917;0.007765;0.003384;0.731432;
0.003496;0.007588;0.003478;0.739224;
0.003947;0.007880;0.003485;0.746848;
0.003513;0.007965;0.003487;0.754755;
0.004385;0.008390;0.003487;0.762757;
0.003491;0.007470;0.003454;0.771216;
0.005107;0.008978;0.003452;0.778715;
0.003578;0.007572;0.003410;0.787722;
0.005223;0.009182;0.003400;0.795324;
0.003433;0.007457;0.003494;0.804539;
0.005054;0.008926;0.003414;0.812025;
0.003516;0.007573;0.003503;0.820979;
0.004102;0.007931;0.003407;0.828584;
0.003439;0.007352;0.003448;0.836543;
0.003473;0.008236;0.004340;0.843947;
0.003492;0.007362;0.003427;0.852209;
0.003485;0.008300;0.004330;0.859599;
0.003426;0.007307;0.003396;0.867927;
0.003535;0.007356;0.003351;0.875263;
0.003989;0.008029;0.003511;0.882646;
0.003539;0.007548;0.003449;0.890712;
0.003951;0.008006;0.003405;0.898292;
0.003498;0.007280;0.003393;0.906334;
0.004090;0.008039;0.003462;0.913646;
0.004543;0.008545;0.003415;0.921727;
0.003844;0.007626;0.003377;0.930310;
0.003461;0.007564;0.003598;0.937982;
0.004289;0.008265;0.003469;0.945583;
0.003499;0.007274;0.003372;0.953900;
0.003441;0.008170;0.004321;0.961200;
0.003490;0.007306;0.003394;0.969398;
0.003495;0.008324;0.004332;0.976731;
0.003553;0.007423;0.003406;0.985084;
0.003480;0.008434;0.004500;0.992543;
0.003472;0.007249;0.003396;1.001010;
0.003445;0.007442;0.003439;1.008286;
0.003963;0.007790;0.003401;1.015757;
0.003456;0.007701;0.003771;1.023575;
0.003987;0.007844;0.003361;1.031304;
0.003512;0.007422;0.003427;1.039175;
0.003803;0.007777;0.003535;1.046625;
0.003533;0.007466;0.003474;1.054429;
0.003423;0.008321;0.004401;1.061925;
0.003555;0.007341;0.003361;1.070289;
0.003468;0.008387;0.004326;1.077657;
0.003562;0.007685;0.003600;1.086073;
0.003477;0.008402;0.004332;1.093792;
0.003510;0.007320;0.003396;1.102228;
0.003495;0.007995;0.004008;1.109576;
0.003500;0.007273;0.003345;1.117598;
0.003520;0.007408;0.003441;1.124903;
0.004147;0.007984;0.003417;1.132339;
0.003484;0.007292;0.003395;1.140350;
0.004122;0.007994;0.003457;1.147669;
0.003465;0.007398;0.003405;1.155693;
0.005016;0.008926;0.003389;1.163120;
0.003488;0.007412;0.003477;1.172077;
0.005053;0.008916;0.003433;1.179518;
0.003486;0.007363;0.003400;1.188462;
0.004531;0.008571;0.003426;1.195853;
0.003409;0.007273;0.003412;1.204454;
0.003491;0.008406;0.004383;1.211765;
0.003474;0.007404;0.003466;1.220213;
0.003479;0.008368;0.004382;1.227645;
0.003498;0.007378;0.003415;1.236041;
0.003478;0.008253;0.004345;1.243446;
0.003446;0.007316;0.003418;1.251734;
0.003505;0.007419;0.003462;1.259079;
0.004073;0.008042;0.003489;1.266528;
0.003514;0.007464;0.003371;1.274598;
0.003931;0.007799;0.003393;1.282091;
0.003437;0.007509;0.003476;1.289924;
0.003927;0.007780;0.003391;1.297460;
0.003650;0.007670;0.003413;1.305266;
0.005001;0.009115;0.003503;1.312964;
0.003630;0.007479;0.003386;1.322107;
0.004097;0.008011;0.003471;1.329616;
0.003510;0.007532;0.003518;1.337655;
0.003467;0.008354;0.004357;1.345215;
0.003504;0.007369;0.003403;1.353596;
0.003483;0.008333;0.004350;1.360994;
0.003588;0.007420;0.003387;1.369355;
0.003454;0.008200;0.004328;1.376804;
0.003594;0.007570;0.003434;1.385033;
0.003548;0.007466;0.003395;1.392631;
0.004046;0.008009;0.003454;1.400125;
0.003492;0.007316;0.003406;1.408161;
0.004145;0.008064;0.003477;1.415504;
0.003510;0.007408;0.003355;1.423596;
0.003990;0.007789;0.003379;1.431033;
0.003418;0.007435;0.003519;1.438853;
0.004498;0.008312;0.003388;1.446337;
0.003485;0.007384;0.003405;1.454676;
0.003493;0.008390;0.004457;1.462092;
0.003495;0.007435;0.003474;1.470510;
0.003459;0.008301;0.004415;1.477973;
0.003479;0.007581;0.003615;1.486303;
0.003457;0.008349;0.004347;1.493914;
0.003487;0.007397;0.003454;1.502290;
0.003560;0.007404;0.003385;1.509721;
0.004060;0.007967;0.003384;1.517152;
0.003488;0.007493;0.003542;1.525146;
0.004064;0.008007;0.003498;1.532666;
0.003470;0.007370;0.003385;1.540700;
0.003958;0.007858;0.003340;1.548109;
0.003498;0.007317;0.003425;1.555997;
0.004033;0.007860;0.003390;1.563357;
0.003580;0.007460;0.003453;1.571246;
0.003526;0.008393;0.004409;1.578734;
0.003511;0.007343;0.003421;1.587155;
0.003460;0.008295;0.004347;1.594525;
0.003481;0.007378;0.003425;1.602848;
0.003479;0.008302;0.004405;1.610253;
0.003513;0.007471;0.003431;1.618583;
0.003433;0.007266;0.003364;1.626083;
0.004139;0.007980;0.003410;1.633376;
0.003481;0.007236;0.003334;1.641384;
0.004139;0.008109;0.003506;1.648648;
0.003489;0.007310;0.003350;1.656786;
0.005040;0.008854;0.003401;1.664125;
0.003506;0.007411;0.003450;1.673006;
0.004596;0.008450;0.003380;1.680446;
0.003557;0.007572;0.003528;1.688930;
0.004558;0.008381;0.003389;1.696529;
0.003572;0.007519;0.003487;1.704937;
0.003516;0.008402;0.004431;1.712484;
0.003483;0.007357;0.003440;1.720914;
0.003476;0.008245;0.004347;1.728297;
0.003479;0.007415;0.003502;1.736569;
0.003476;0.008140;0.004168;1.744010;
0.003463;0.007271;0.003403;1.752178;
0.003569;0.007675;0.003443;1.759476;
0.003850;0.007956;0.003550;1.767180;
0.003525;0.007481;0.003428;1.775163;
0.003975;0.007842;0.003453;1.782675;
0.003485;0.007385;0.003454;1.790544;
0.003812;0.007798;0.003523;1.797958;
0.003449;0.007282;0.003357;1.805789;
0.003451;0.008299;0.004389;1.813105;
0.003515;0.007416;0.003431;1.821433;
0.003446;0.008225;0.004362;1.828880;
0.003484;0.007326;0.003426;1.837132;
0.003450;0.008482;0.004605;1.844486;
0.003573;0.007554;0.003474;1.852997;
0.003493;0.007401;0.003425;1.860578;
0.004018;0.007874;0.003356;1.868010;
0.003502;0.007404;0.003400;1.875912;
0.003986;0.007878;0.003408;1.883344;
0.003496;0.007232;0.003380;1.891249;
0.004104;0.008032;0.003455;1.898515;
0.003537;0.007315;0.003353;1.906574;
0.004498;0.008502;0.003534;1.913917;
0.003538;0.007421;0.003403;1.922447;
0.003434;0.008289;0.004380;1.929902;
0.003517;0.007511;0.003553;1.938239;
0.003438;0.008227;0.004355;1.945783;
0.003611;0.007500;0.003500;1.954038;
0.003444;0.008261;0.004315;1.961565;
0.003468;0.007298;0.003404;1.969870;
0.003474;0.007398;0.003471;1.977207;
0.004202;0.008089;0.003477;1.984632;
0.003453;0.007414;0.003443;1.992757;
0.004009;0.007821;0.003368;2.000198;
0.003479;0.007306;0.003397;2.008047;
0.004147;0.008004;0.003442;2.015380;
0.003453;0.007243;0.003375;2.023412;
0.004499;0.008331;0.003388;2.030683;
0.003452;0.007403;0.003439;2.039042;
0.003535;0.008312;0.004370;2.046473;
0.003462;0.007366;0.003391;2.054843;
0.003571;0.008312;0.004259;2.062237;
0.003509;0.007428;0.003470;2.070578;
0.003524;0.007940;0.003979;2.078033;
0.003462;0.007299;0.003341;2.086001;
0.003472;0.007247;0.003347;2.093336;
0.004087;0.008294;0.003591;2.100624;
0.003381;0.007185;0.003351;2.108965;
0.004057;0.007910;0.003393;2.116184;
0.003526;0.007456;0.003439;2.124123;
0.005058;0.008971;0.003429;2.131606;
0.003511;0.007436;0.003426;2.140604;
0.005001;0.008917;0.003377;2.148068;
0.003451;0.007287;0.003453;2.157022;
0.004460;0.008413;0.003474;2.164338;
0.003504;0.007339;0.003371;2.172790;
0.003482;0.008354;0.004370;2.180159;
0.003494;0.007451;0.003402;2.188549;
0.003419;0.008257;0.004338;2.196033;
0.003556;0.007395;0.003417;2.204317;
0.003507;0.010328;0.006289;2.211759;
0.003548;0.007410;0.003423;2.222116;
0.003470;0.008281;0.004327;2.229555;
0.003516;0.007449;0.003402;2.237865;
0.003445;0.008230;0.004336;2.245341;
0.003522;0.007443;0.003433;2.253599;
0.003471;0.007466;0.003454;2.261071;
0.004051;0.008040;0.003539;2.268573;
0.003456;0.007349;0.003320;2.276654;
0.003998;0.007878;0.003409;2.284036;
0.003563;0.007363;0.003365;2.291942;
0.004093;0.008206;0.003461;2.299332;
0.003533;0.007599;0.003458;2.307573;
0.005005;0.008922;0.003426;2.315202;
0.003493;0.007376;0.003453;2.324154;
0.005075;0.008956;0.003480;2.331559;
0.003487;0.007376;0.003420;2.340543;
0.004455;0.008387;0.003475;2.347947;
0.003553;0.007547;0.003480;2.356365;
0.003453;0.008360;0.004456;2.363940;
0.003538;0.007430;0.003443;2.372328;
0.003510;0.008293;0.004362;2.379788;
0.003465;0.007376;0.003441;2.388108;
0.003485;0.008448;0.004418;2.395511;
0.003532;0.007414;0.003414;2.403993;
0.003520;0.007484;0.003437;2.411434;
0.003951;0.007843;0.003414;2.418959;
0.003514;0.007460;0.003365;2.426835;
0.003945;0.007933;0.003379;2.434323;
0.003551;0.007363;0.003374;2.442284;
0.004047;0.007875;0.003381;2.449676;
0.003583;0.007394;0.003389;2.457579;
0.005025;0.008762;0.003334;2.465000;
0.003557;0.007388;0.003368;2.473790;
0.003446;0.008171;0.004354;2.481205;
0.003592;0.007530;0.003480;2.489404;
0.003473;0.008442;0.004327;2.496963;
0.003552;0.007497;0.003431;2.505434;
0.003446;0.008348;0.004343;2.512987;
0.003567;0.007429;0.003407;2.521373;
0.003487;0.008015;0.004089;2.528830;
0.003531;0.007446;0.003429;2.536873;
0.003497;0.007370;0.003381;2.544347;
0.003994;0.007837;0.003446;2.551745;
0.003442;0.007265;0.003412;2.559615;
0.004054;0.007928;0.003465;2.566927;
0.003436;0.007198;0.003335;2.574896;
0.005027;0.008808;0.003360;2.582122;
0.003545;0.007391;0.003444;2.590958;
0.004552;0.008401;0.003412;2.598374;
0.003499;0.007395;0.003438;2.606803;
0.003423;0.008338;0.004385;2.614225;
0.003553;0.007414;0.003378;2.622593;
0.003392;0.008231;0.004301;2.630038;
0.003480;0.007764;0.003851;2.638298;
0.003492;0.008352;0.004403;2.646090;
0.003566;0.007353;0.003364;2.654471;
0.003494;0.007344;0.003419;2.661851;
0.004107;0.007936;0.003392;2.669224;
0.003461;0.007398;0.003419;2.677189;
0.004016;0.007848;0.003437;2.684633;
0.003625;0.007473;0.003396;2.692509;
0.004201;0.008121;0.003461;2.700012;
0.003516;0.007371;0.003415;2.708161;
0.005053;0.008938;0.003421;2.715560;
0.003549;0.007557;0.003449;2.724525;
0.004787;0.008602;0.003402;2.732111;
0.003466;0.007427;0.003443;2.740741;
0.003489;0.008340;0.004425;2.748195;
0.003462;0.007527;0.003445;2.756563;
0.003349;0.008304;0.004415;2.764120;
0.003489;0.007453;0.003461;2.772456;
0.003436;0.008229;0.004299;2.779941;
0.003525;0.007412;0.003417;2.788199;
0.003546;0.008463;0.004427;2.795638;
0.003468;0.007314;0.003353;2.804131;
0.003437;0.007179;0.003325;2.811481;
0.004134;0.008020;0.003386;2.818695;
0.003537;0.007439;0.003355;2.826743;
0.003909;0.007820;0.003359;2.834210;
0.003444;0.007321;0.003440;2.842060;
0.005033;0.008967;0.003410;2.849418;
0.003501;0.007249;0.003368;2.858415;
0.004313;0.008336;0.003406;2.865692;
0.003384;0.007211;0.003429;2.874055;
0.003544;0.008313;0.004337;2.881294;
0.003533;0.007384;0.003382;2.889635;
0.003428;0.008276;0.004343;2.897046;
0.003514;0.007352;0.003420;2.905350;
0.003460;0.007979;0.004065;2.912730;
0.003561;0.007386;0.003385;2.920736;
0.003485;0.007287;0.003377;2.928167;
0.004166;0.008006;0.003401;2.935482;
0.003545;0.007523;0.003476;2.943515;
0.004058;0.008029;0.003416;2.951069;
0.003505;0.007345;0.003398;2.959128;
0.005033;0.008864;0.003419;2.966505;
0.003443;0.007380;0.003462;2.975397;
0.005093;0.008909;0.003403;2.982806;
0.003553;0.007464;0.003400;2.991743;
0.004690;0.008577;0.003453;2.999235;
0.003490;0.007369;0.003436;3.007842;
0.003495;0.008241;0.004311;3.015239;
0.003473;0.007363;0.003450;3.023508;
0.003457;0.008323;0.004377;3.030905;
0.003530;0.007367;0.003382;3.039257;
0.003494;0.008286;0.004331;3.046651;
0.003549;0.007543;0.003511;3.054964;
0.003544;0.007528;0.003424;3.062535;
0.003938;0.007875;0.003419;3.070091;
0.003497;0.007334;0.003417;3.077998;
0.004074;0.008005;0.003491;3.085362;
0.003584;0.007362;0.003347;3.093394;
0.004051;0.007896;0.003412;3.100790;
0.003522;0.007485;0.003472;3.108713;
0.004611;0.008484;0.003395;3.116225;
0.003584;0.007422;0.003341;3.124738;
0.003498;0.008382;0.004397;3.132188;
0.003493;0.007369;0.003450;3.140603;
0.003430;0.008285;0.004365;3.148006;
0.003620;0.007413;0.003375;3.156320;
0.003492;0.008394;0.004384;3.163761;
0.003475;0.007327;0.003417;3.172184;
0.003473;0.007262;0.003333;3.179538;
0.004073;0.007856;0.003396;3.186840;
0.003479;0.007413;0.003399;3.194724;
0.004084;0.007960;0.003394;3.202165;
0.003561;0.007363;0.003403;3.210153;
0.004131;0.007950;0.003445;3.217544;
0.003472;0.007398;0.003436;3.225522;
0.004477;0.008304;0.003401;3.232947;
0.003534;0.007363;0.003372;3.241279;
0.003468;0.008266;0.004355;3.248669;
0.003526;0.007467;0.003497;3.256963;
0.003485;0.008265;0.004372;3.264460;
0.003479;0.007582;0.003368;3.272754;
0.003416;0.007954;0.004035;3.280369;
0.003493;0.007366;0.003388;3.288363;
0.003590;0.007573;0.003405;3.295756;
0.003877;0.007812;0.003440;3.303357;
0.003522;0.007369;0.003427;3.311201;
0.004108;0.008063;0.003504;3.318599;
0.003506;0.007553;0.003420;3.326690;
0.003788;0.007714;0.003368;3.334272;
0.003427;0.007290;0.003384;3.342022;
0.003475;0.008219;0.004340;3.349340;
0.003534;0.007354;0.003405;3.357585;
0.003423;0.008315;0.004343;3.364969;
0.003505;0.007353;0.003430;3.373316;
0.003516;0.008275;0.004293;3.380697;
0.003485;0.007375;0.003421;3.389001;
0.003529;0.007366;0.003387;3.396403;
0.004084;0.007875;0.003382;3.403798;
0.003531;0.007669;0.003427;3.411700;
0.003777;0.007787;0.003495;3.419397;
0.003480;0.007357;0.003452;3.427212;
0.004020;0.007829;0.003377;3.434596;
0.003468;0.007737;0.003761;3.442452;
0.005074;0.009017;0.003418;3.450218;
0.003578;0.007399;0.003427;3.459263;
0.004472;0.008480;0.003473;3.466690;
0.003522;0.007424;0.003457;3.475199;
0.003427;0.008180;0.004288;3.482650;
0.003530;0.007437;0.003422;3.490858;
0.003451;0.008255;0.004378;3.498323;
0.003538;0.007534;0.003504;3.506606;
0.003439;0.008183;0.004291;3.514170;
0.003559;0.007342;0.003357;3.522381;
0.003485;0.007400;0.003411;3.529750;
0.004094;0.008069;0.003498;3.537178;
0.003487;0.007323;0.003421;3.545274;
0.004187;0.008079;0.003478;3.552623;
0.003527;0.007552;0.003420;3.560730;
0.003886;0.007766;0.003389;3.568310;
0.003505;0.007369;0.003402;3.576103;
0.004486;0.008270;0.003374;3.583501;
0.003483;0.007335;0.003402;3.591798;
0.003482;0.008379;0.004440;3.599162;
0.003483;0.007287;0.003384;3.607569;
0.003459;0.008323;0.004345;3.614890;
0.003502;0.007355;0.003413;3.623247;
0.003490;0.008027;0.004102;3.630629;
0.003508;0.007402;0.003406;3.638684;
0.003519;0.007429;0.003438;3.646115;
0.004006;0.007949;0.003490;3.653572;
0.003538;0.007378;0.003375;3.661549;
0.003979;0.007996;0.003541;3.668965;
0.003579;0.007394;0.003418;3.677022;
0.005040;0.009166;0.003556;3.684445;
0.003587;0.007415;0.003375;3.693639;
0.005001;0.008981;0.003453;3.701081;
0.003538;0.007500;0.003503;3.710092;
0.005054;0.008977;0.003477;3.717619;
0.003572;0.007650;0.003569;3.726624;
0.004608;0.008569;0.003505;3.734304;
0.003479;0.007427;0.003437;3.742903;
0.004568;0.008376;0.003383;3.750369;
0.003633;0.007570;0.003448;3.758773;
0.003459;0.008322;0.004402;3.766370;
0.003582;0.007490;0.003465;3.774719;
0.003517;0.008425;0.004430;3.782237;
0.003496;0.007298;0.003380;3.790689;
0.003456;0.008411;0.004472;3.798014;
0.003514;0.007367;0.003447;3.806454;
0.003419;0.007327;0.003411;3.813851;
0.004032;0.007994;0.003425;3.821207;
0.003454;0.007351;0.003417;3.829228;
0.004070;0.007953;0.003421;3.836607;
0.003468;0.007408;0.003442;3.844587;
0.003722;0.007512;0.003390;3.852026;
0.003470;0.007298;0.003384;3.859566;
0.003492;0.008337;0.004384;3.866897;
0.003469;0.007416;0.003486;3.875264;
0.003537;0.008325;0.004326;3.882707;
0.003476;0.007330;0.003411;3.891062;
0.003506;0.008240;0.004344;3.898420;
0.003508;0.007565;0.003446;3.906687;
0.003523;0.007405;0.003385;3.914284;
0.003944;0.007821;0.003416;3.921737;
0.003524;0.007363;0.003413;3.929586;
0.004068;0.007904;0.003387;3.936977;
0.003562;0.007455;0.003427;3.944920;
0.004058;0.007934;0.003399;3.952407;
0.003542;0.007370;0.003423;3.960368;
0.004471;0.008354;0.003410;3.967766;
0.003498;0.007280;0.003391;3.976151;
0.003492;0.008309;0.004324;3.983460;
0.003522;0.007400;0.003413;3.991796;
0.003465;0.008245;0.004369;3.999224;
0.003495;0.007492;0.003502;4.007496;
0.003430;0.007939;0.004067;4.015016;
0.003489;0.007336;0.003412;4.022988;
0.003462;0.007345;0.003367;4.030362;
0.004126;0.008067;0.003455;4.037734;
0.003466;0.007427;0.003409;4.045836;
0.004023;0.007873;0.003379;4.053292;
0.003490;0.007342;0.003382;4.061193;
0.005023;0.008810;0.003368;4.068563;
0.003490;0.007390;0.003464;4.077400;
0.005066;0.008973;0.003468;4.084817;
0.003516;0.007394;0.003367;4.093819;
0.004092;0.008011;0.003424;4.101251;
0.003489;0.007327;0.003388;4.109291;
0.003495;0.008287;0.004337;4.116645;
0.003492;0.007459;0.003504;4.124965;
0.003534;0.008369;0.004345;4.132453;
0.003605;0.007765;0.003435;4.140856;
0.003311;0.008276;0.004395;4.148681;
0.003475;0.007478;0.003454;4.156993;
0.003485;0.007371;0.003406;4.164499;
0.004052;0.007843;0.003382;4.171902;
0.003530;0.007351;0.003324;4.179773;
0.004331;0.008206;0.003473;4.187151;
0.003489;0.007463;0.003465;4.195385;
0.003965;0.007859;0.003433;4.202877;
0.003461;0.007454;0.003487;4.210765;
0.003968;0.007900;0.003405;4.218247;
0.003377;0.007309;0.003496;4.226183;
0.003450;0.008465;0.004619;4.233521;
0.003605;0.007547;0.003498;4.242013;
0.003517;0.008344;0.004395;4.249589;
0.003519;0.007683;0.003613;4.257961;
0.003524;0.008343;0.004383;4.265672;
0.003490;0.007441;0.003509;4.274043;
0.003500;0.007369;0.003418;4.281511;
0.004085;0.008245;0.003560;4.288908;
0.003573;0.007482;0.003399;4.297182;
0.003934;0.007838;0.003453;4.304691;
0.003551;0.007286;0.003356;4.312557;
0.004105;0.008041;0.003426;4.319878;
0.003513;0.007334;0.003388;4.327951;
0.005054;0.009061;0.003521;4.335325;
0.003518;0.007404;0.003449;4.344415;
0.005081;0.009065;0.003488;4.351848;
0.003492;0.007466;0.003463;4.360940;
0.004455;0.008413;0.003479;4.368436;
0.003493;0.007374;0.003406;4.376877;
0.003371;0.008405;0.004431;4.384284;
0.003546;0.007503;0.003419;4.392716;
0.003445;0.008318;0.004415;4.400248;
0.003577;0.007409;0.003402;4.408596;
0.003461;0.008282;0.004340;4.416033;
0.003463;0.007308;0.003416;4.424343;
0.003534;0.007416;0.003410;4.431680;
0.004033;0.007946;0.003430;4.439123;
0.003495;0.007303;0.003377;4.447098;
0.004158;0.008032;0.003466;4.454428;
0.003506;0.007371;0.003391;4.462486;
0.004121;0.008011;0.003389;4.469887;
0.003488;0.007390;0.003433;4.477931;
0.004702;0.008568;0.003449;4.485353;
0.003501;0.007397;0.003396;4.493958;
0.003471;0.008216;0.004348;4.501384;
0.003520;0.007373;0.003415;4.509629;
0.003479;0.008358;0.004390;4.517030;
0.003519;0.007375;0.003389;4.525415;
0.003476;0.008328;0.004370;4.532819;
0.003503;0.007371;0.003404;4.541175;
0.003505;0.007543;0.003480;4.548573;
0.004689;0.008561;0.003409;4.556144;
0.003556;0.007410;0.003368;4.564734;
0.004017;0.007939;0.003445;4.572172;
0.003552;0.007486;0.003436;4.580139;
0.004016;0.007888;0.003406;4.587654;
0.003556;0.007470;0.003418;4.595570;
0.004461;0.008318;0.003381;4.603073;
0.003542;0.007315;0.003363;4.611424;
0.004477;0.008485;0.003438;4.618766;
0.003527;0.007419;0.003498;4.627280;
0.003439;0.008310;0.004372;4.634727;
0.003573;0.007402;0.003421;4.643063;
0.003480;0.008300;0.004382;4.650494;
0.003534;0.007445;0.003434;4.658822;
0.003484;0.008315;0.004321;4.666293;
0.003574;0.007376;0.003371;4.674636;
0.003487;0.007479;0.003489;4.682043;
0.004019;0.007889;0.003404;4.689552;
0.003498;0.007385;0.003366;4.697471;
0.004031;0.007994;0.003513;4.704885;
0.003547;0.007424;0.003357;4.712907;
0.004057;0.007883;0.003416;4.720360;
0.003463;0.007402;0.003466;4.728271;
0.004476;0.008407;0.003413;4.735701;
0.003529;0.007479;0.003441;4.744137;
0.003406;0.008151;0.004331;4.751655;
0.003558;0.007671;0.003492;4.759840;
0.003489;0.008384;0.004391;4.767540;
0.003577;0.007552;0.003485;4.775962;
0.003501;0.008309;0.004388;4.783543;
0.003509;0.007417;0.003387;4.791881;
0.003499;0.008197;0.004136;4.799326;
0.003633;0.007555;0.003400;4.807553;
0.003538;0.007348;0.003350;4.815137;
0.004042;0.007946;0.003472;4.822515;
0.003546;0.007469;0.003508;4.830490;
0.003990;0.007881;0.003458;4.838003;
0.003501;0.007369;0.003377;4.845931;
0.005051;0.008991;0.003448;4.853333;
0.003580;0.007423;0.003453;4.862352;
0.005096;0.008936;0.003379;4.869809;
0.003480;0.007398;0.003417;4.878774;
0.005042;0.008937;0.003394;4.886199;
0.003502;0.007298;0.003360;4.895167;
0.004451;0.008316;0.003402;4.902493;
0.003586;0.007471;0.003433;4.910837;
0.003471;0.008273;0.004374;4.918336;
0.003567;0.007444;0.003392;4.926637;
0.003531;0.008433;0.004454;4.934112;
0.003477;0.007390;0.003442;4.942574;
0.003378;0.008048;0.004234;4.950004;
0.003457;0.007421;0.003525;4.958083;
0.003511;0.007294;0.003377;4.965531;
0.004148;0.008026;0.003441;4.972852;
0.003600;0.007493;0.003345;4.980923;
0.003967;0.007825;0.003408;4.988446;
0.003470;0.007339;0.003371;4.996301;
0.005020;0.008897;0.003477;5.003673;
0.003464;0.007266;0.003371;5.012599;
0.005125;0.008988;0.003415;5.019894;
0.003519;0.007410;0.003434;5.028909;
0.004482;0.008518;0.003580;5.036346;
0.003528;0.007740;0.003801;5.044896;
0.004498;0.008501;0.003462;5.052662;
0.003515;0.007426;0.003476;5.061196;
0.003428;0.008260;0.004308;5.068649;
0.003460;0.007426;0.003463;5.076945;
0.003471;0.008350;0.004402;5.084398;
0.003545;0.007651;0.003512;5.092776;
0.003593;0.008389;0.004307;5.100455;
0.003465;0.007322;0.003389;5.108881;
0.003500;0.007337;0.003366;5.116236;
0.004134;0.007910;0.003348;5.123601;
0.003492;0.007494;0.003508;5.131541;
0.004129;0.008035;0.003442;5.139067;
0.003525;0.007556;0.003430;5.147131;
0.003934;0.007866;0.003479;5.154715;
0.003524;0.007467;0.003356;5.162609;
0.004287;0.008234;0.003418;5.170104;
0.003556;0.007481;0.003495;5.178398;
0.003494;0.008445;0.004319;5.185912;
0.003465;0.007435;0.003560;5.194385;
0.003467;0.008232;0.004331;5.201848;
0.003427;0.007370;0.003466;5.210109;
0.003517;0.008324;0.004364;5.217505;
0.003474;0.007349;0.003368;5.225857;
0.003583;0.007280;0.003318;5.233235;
0.004128;0.008102;0.003418;5.240544;
0.003490;0.007338;0.003387;5.248673;
0.004019;0.007863;0.003372;5.256042;
0.003536;0.007386;0.003338;5.263935;
0.003980;0.007871;0.003394;5.271350;
0.003543;0.007414;0.003460;5.279248;
0.004490;0.008504;0.003444;5.286690;
0.003543;0.007342;0.003385;5.295222;
0.003479;0.008384;0.004321;5.302599;
0.003436;0.007524;0.003562;5.311035;
0.003440;0.008339;0.004402;5.318593;
0.003475;0.007397;0.003404;5.326959;
0.003532;0.008320;0.004309;5.334384;
0.003510;0.007447;0.003366;5.342735;
0.003441;0.007371;0.003442;5.350214;
0.004046;0.007890;0.003411;5.357613;
0.003453;0.007244;0.003359;5.365530;
0.004197;0.008046;0.003411;5.372802;
0.003483;0.007384;0.003401;5.380877;
0.004151;0.008296;0.003386;5.388302;
0.003217;0.007323;0.003513;5.396630;
0.004976;0.008986;0.003471;5.403999;
0.003552;0.007446;0.003453;5.413022;
0.005076;0.008916;0.003424;5.420495;
0.003527;0.007378;0.003400;5.429439;
0.004493;0.008507;0.003455;5.436843;
0.003557;0.007521;0.003456;5.445377;
0.003472;0.008383;0.004386;5.452932;
0.003495;0.007390;0.003424;5.461343;
0.003483;0.008280;0.004297;5.468763;
0.003470;0.007385;0.003458;5.477072;
0.003496;0.008316;0.004377;5.484483;
0.003456;0.007356;0.003408;5.492828;
0.003536;0.007279;0.003335;5.500214;
0.004069;0.007952;0.003450;5.507523;
0.003539;0.007256;0.003350;5.515502;
0.004129;0.008108;0.003471;5.522786;
0.003505;0.007389;0.003374;5.530929;
0.003781;0.007624;0.003418;5.538347;
0.003554;0.007375;0.003387;5.546004;
0.003501;0.008367;0.004341;5.553413;
0.003533;0.007442;0.003392;5.561811;
0.003486;0.008350;0.004368;5.569281;
0.003498;0.007345;0.003419;5.577658;
0.003431;0.008331;0.004377;5.585030;
0.003522;0.007418;0.003473;5.593388;
0.003515;0.007371;0.003371;5.600834;
0.004159;0.008031;0.003361;5.608234;
0.003476;0.007326;0.003424;5.616295;
0.004110;0.007898;0.003340;5.623652;
0.003453;0.007395;0.003428;5.631577;
0.003991;0.007928;0.003501;5.639004;
0.003441;0.007390;0.003480;5.646975;
0.005100;0.009103;0.003521;5.654402;
0.003486;0.007375;0.003444;5.663533;
0.005028;0.008900;0.003428;5.670970;
0.003486;0.007370;0.003364;5.679914;
0.004477;0.008389;0.003461;5.687311;
0.003462;0.007387;0.003452;5.695727;
0.003457;0.008330;0.004441;5.703143;
0.003491;0.007337;0.003399;5.711499;
0.003495;0.008324;0.004386;5.718863;
0.003462;0.007419;0.003501;5.727215;
0.003522;0.008397;0.004406;5.734662;
0.003475;0.007333;0.003412;5.743087;
0.003492;0.007328;0.003415;5.750448;
0.004131;0.008296;0.003578;5.757802;
0.003560;0.007675;0.003519;5.766128;
0.003860;0.007636;0.003329;5.773831;
0.003487;0.007461;0.003474;5.781498;
0.003630;0.007501;0.003465;5.789085;
0.003545;0.007498;0.003465;5.796619;
0.004115;0.008579;0.004035;5.804145;
0.003529;0.007383;0.003380;5.812754;
0.003477;0.008262;0.004324;5.820164;
0.003553;0.007333;0.003372;5.828453;
0.003471;0.008301;0.004378;5.835814;
0.003478;0.007319;0.003416;5.844143;
0.003471;0.008294;0.004409;5.851489;
0.003440;0.007389;0.003471;5.859811;
0.003486;0.007725;0.003750;5.867228;
0.004048;0.007824;0.003350;5.874982;
0.003525;0.007440;0.003367;5.882837;
0.003937;0.007928;0.003399;5.890307;
0.003588;0.007517;0.003477;5.898268;
0.004184;0.008379;0.003544;5.905813;
0.003465;0.007301;0.003416;5.914221;
0.005040;0.008967;0.003418;5.921549;
0.003521;0.007359;0.003424;5.930544;
0.004450;0.008528;0.003417;5.937932;
0.003571;0.007409;0.003404;5.946489;
0.003436;0.008334;0.004356;5.953927;
0.003526;0.007388;0.003451;5.962289;
0.003495;0.008389;0.004362;5.969703;
0.003632;0.007468;0.003441;5.978127;
0.003445;0.008250;0.004364;5.985633;
0.003552;0.007478;0.003403;5.993913;
0.003468;0.007523;0.003471;6.001418;
0.004018;0.007887;0.003464;6.008979;
0.003480;0.007466;0.003435;6.016900;
0.004010;0.007823;0.003350;6.024399;
0.003505;0.007297;0.003352;6.032250;
0.004106;0.008003;0.003469;6.039574;
0.003518;0.007384;0.003396;6.047604;
0.005077;0.008968;0.003444;6.055029;
0.003468;0.007449;0.003485;6.064047;
0.004488;0.008356;0.003461;6.071523;
0.003545;0.007490;0.003438;6.079906;
0.003540;0.008310;0.004311;6.087434;
0.003458;0.007325;0.003385;6.095772;
0.003492;0.008261;0.004299;6.103125;
0.003489;0.007360;0.003403;6.111414;
0.003531;0.008115;0.004141;6.118801;
0.003459;0.007470;0.003505;6.126945;
0.003534;0.007338;0.003383;6.134443;
0.004197;0.008278;0.003580;6.141808;
0.003531;0.007445;0.003385;6.150119;
0.003895;0.007936;0.003507;6.157593;
0.003582;0.007590;0.003439;6.165557;
0.003901;0.007799;0.003430;6.173180;
0.003486;0.007394;0.003472;6.181015;
0.004515;0.008486;0.003466;6.188446;
0.003506;0.007323;0.003376;6.196959;
0.003465;0.008255;0.004313;6.204309;
0.003525;0.007363;0.003421;6.212592;
0.003435;0.008361;0.004384;6.219983;
0.003514;0.007353;0.003427;6.228373;
0.003475;0.008407;0.004432;6.235752;
0.003491;0.007326;0.003451;6.244189;
0.003518;0.007314;0.003327;6.251543;
0.004098;0.008001;0.003424;6.258886;
0.003506;0.007504;0.003382;6.266915;
0.004014;0.007843;0.003392;6.274453;
0.003536;0.007507;0.003462;6.282324;
0.003774;0.007706;0.003453;6.289858;
0.003460;0.007350;0.003449;6.297594;
0.003463;0.008215;0.004314;6.304972;
0.003454;0.007405;0.003381;6.313215;
0.003473;0.008206;0.004285;6.320648;
0.003548;0.007407;0.003381;6.328882;
0.003490;0.008335;0.004411;6.336316;
0.003485;0.007487;0.003535;6.344679;
0.003561;0.007402;0.003331;6.352194;
0.003995;0.007894;0.003450;6.359623;
0.003556;0.007465;0.003391;6.367544;
0.004010;0.007836;0.003376;6.375055;
0.003557;0.007453;0.003365;6.382950;
0.003966;0.008003;0.003453;6.390431;
0.003502;0.007336;0.003412;6.398463;
0.005081;0.009187;0.003536;6.405826;
0.003502;0.007347;0.003419;6.415053;
0.004673;0.008644;0.003459;6.422435;
0.003489;0.007453;0.003515;6.431110;
0.004211;0.008139;0.003471;6.438593;
0.003580;0.007403;0.003360;6.446761;
0.003442;0.008463;0.004472;6.454191;
0.003536;0.007315;0.003367;6.462684;
0.003430;0.008303;0.004359;6.470036;
0.003516;0.007400;0.003476;6.478375;
0.003443;0.007300;0.003399;6.485804;
0.004101;0.008023;0.003442;6.493136;
0.003534;0.007422;0.003376;6.501191;
0.004000;0.007808;0.003395;6.508640;
0.003520;0.007457;0.003486;6.516475;
0.004072;0.008022;0.003429;6.523959;
0.003342;0.007317;0.003432;6.532015;
0.005001;0.008825;0.003396;6.539365;
0.003464;0.007317;0.003393;6.548218;
0.004456;0.008247;0.003391;6.555565;
0.003522;0.007514;0.003458;6.563840;
0.003510;0.008274;0.004354;6.571382;
0.003501;0.007310;0.003373;6.579683;
0.003441;0.008244;0.004328;6.587020;
0.003456;0.007322;0.003424;6.595294;
0.003487;0.007342;0.003352;6.602643;
0.003981;0.007941;0.003473;6.610014;
0.003395;0.007221;0.003395;6.617983;
0.004116;0.008008;0.003392;6.625231;
0.003554;0.007406;0.003452;6.633267;
0.004040;0.008255;0.003793;6.640700;
0.003569;0.007523;0.003424;6.648983;
0.004984;0.008887;0.003461;6.656536;
0.003454;0.007454;0.003495;6.665450;
0.005062;0.009021;0.003513;6.672932;
0.003509;0.007362;0.003397;6.681983;
0.004520;0.008659;0.003669;6.689373;
0.003573;0.007402;0.003400;6.698063;
0.003480;0.008231;0.004337;6.705494;
0.003491;0.007444;0.003421;6.713754;
0.003528;0.008388;0.004420;6.721229;
0.003531;0.007399;0.003392;6.729644;
0.003465;0.008292;0.004359;6.737071;
0.003526;0.007357;0.003403;6.745390;
0.003585;0.007588;0.003457;6.752774;
0.003952;0.008057;0.003530;6.760390;
0.003511;0.007500;0.003399;6.768476;
0.003949;0.007821;0.003380;6.776006;
0.003546;0.007557;0.003389;6.783857;
0.003897;0.007821;0.003474;6.791443;
0.003556;0.007426;0.003435;6.799293;
0.005077;0.008909;0.003369;6.806746;
0.003504;0.007464;0.003530;6.815683;
0.005092;0.008993;0.003426;6.823174;
0.003503;0.007356;0.003461;6.832196;
0.004538;0.008423;0.003395;6.839580;
0.003474;0.007430;0.003539;6.848030;
0.003474;0.008227;0.004324;6.855488;
0.003530;0.007366;0.003398;6.863744;
0.003437;0.008324;0.004362;6.871140;
0.003669;0.007544;0.003445;6.879491;
0.003442;0.008268;0.004335;6.887079;
0.003501;0.009325;0.003403;6.895391;
0.003587;0.008233;0.004150;6.904750;
0.003596;0.007469;0.003419;6.913021;
0.003433;0.008217;0.004340;6.920526;
0.003463;0.007358;0.003432;6.928771;
0.003408;0.007286;0.003314;6.936162;
0.004015;0.008031;0.003463;6.943479;
0.003513;0.007291;0.003348;6.951539;
0.004144;0.007951;0.003395;6.958857;
0.003526;0.007568;0.003448;6.966834;
0.003709;0.007562;0.003428;6.974430;
0.003460;0.007459;0.003417;6.982025;
0.003501;0.008354;0.004379;6.989514;
0.003504;0.007515;0.003445;6.997896;
0.003624;0.008523;0.004385;7.005440;
0.003554;0.007907;0.003781;7.013992;
0.003522;0.008294;0.004340;7.021931;
0.003514;0.007419;0.003448;7.030252;
0.003462;0.008276;0.004317;7.037699;
0.003569;0.007468;0.003384;7.046006;
0.003501;0.008597;0.004616;7.053503;
0.003458;0.007309;0.003449;7.062129;
0.003707;0.007809;0.003484;7.069467;
0.003829;0.007718;0.003412;7.077304;
0.003531;0.007419;0.003339;7.085055;
0.003971;0.008230;0.003603;7.092510;
0.003723;0.007736;0.003415;7.100770;
0.003957;0.007836;0.003395;7.108533;
0.003512;0.007323;0.003427;7.116398;
0.004373;0.008258;0.003382;7.123749;
0.003533;0.007409;0.003397;7.132038;
0.003480;0.008298;0.004364;7.139476;
0.003578;0.007453;0.003401;7.147802;
0.003474;0.008356;0.004433;7.155284;
0.003576;0.007487;0.003413;7.163670;
0.003412;0.008367;0.004407;7.171184;
0.003491;0.007341;0.003457;7.179614;
0.003480;0.007498;0.003345;7.186986;
0.003908;0.007832;0.003362;7.194514;
0.003523;0.008029;0.003393;7.202374;
0.003553;0.007549;0.003527;7.210433;
0.003435;0.007547;0.003409;7.218009;
0.003906;0.007806;0.003480;7.225585;
0.003542;0.007610;0.003522;7.233419;
0.005001;0.008990;0.003433;7.241062;
0.003532;0.007379;0.003372;7.250082;
0.005040;0.008910;0.003411;7.257488;
0.003558;0.007600;0.003494;7.266425;
0.005255;0.009232;0.003424;7.274055;
0.003497;0.007316;0.003392;7.283317;
0.004121;0.008236;0.003618;7.290661;
0.003501;0.007749;0.003536;7.298925;
0.003607;0.008867;0.004367;7.306705;
0.003446;0.007913;0.003629;7.315607;
0.004246;0.008283;0.003554;7.323555;
0.003520;0.007354;0.003394;7.331866;
0.003490;0.008385;0.004343;7.339247;
0.003489;0.007323;0.003376;7.347668;
0.003424;0.008295;0.004354;7.355030;
0.003525;0.007383;0.003415;7.363360;
0.003472;0.007625;0.003540;7.370770;
0.003855;0.007863;0.003460;7.378423;
0.003482;0.007485;0.003484;7.386319;
0.003918;0.007936;0.003452;7.393834;
0.003489;0.007499;0.003382;7.401803;
0.003891;0.007977;0.003448;7.409333;
0.003471;0.007514;0.003518;7.417340;
0.005218;0.009280;0.003531;7.424881;
0.003454;0.007586;0.003491;7.434191;
0.004730;0.008625;0.003325;7.441806;
0.003480;0.007286;0.003430;7.450463;
0.005084;0.009189;0.003738;7.457778;
0.003444;0.007548;0.003343;7.466996;
0.005102;0.008938;0.003399;7.474572;
0.003526;0.007701;0.003593;7.483539;
0.005126;0.008925;0.003397;7.491267;
0.003483;0.007331;0.003449;7.500222;
0.004601;0.008489;0.003474;7.507581;
0.003571;0.007693;0.003572;7.516098;
0.003559;0.008563;0.004399;7.523820;
0.003471;0.007476;0.003539;7.532412;
0.003484;0.008555;0.004345;7.539917;
0.003507;0.007411;0.003433;7.548504;
0.003576;0.008473;0.004370;7.555945;
0.003511;0.007484;0.003468;7.564447;
0.003500;0.008394;0.004345;7.571961;
0.003492;0.007479;0.003424;7.580384;
0.003642;0.008555;0.004395;7.587892;
0.003561;0.007540;0.003469;7.596475;
0.003487;0.007216;0.003314;7.604044;
0.004009;0.008041;0.003494;7.611292;
0.003533;0.007339;0.003396;7.619360;
0.004133;0.007934;0.003381;7.626729;
0.003513;0.007435;0.003415;7.634692;
0.004649;0.008527;0.003442;7.642155;
0.003532;0.007370;0.003380;7.650711;
0.004303;0.008260;0.003400;7.658118;
0.003569;0.007416;0.003430;7.666406;
0.003445;0.008245;0.004303;7.673848;
0.003486;0.007398;0.003460;7.682175;
0.003469;0.008379;0.004470;7.689600;
0.003618;0.007578;0.003546;7.698008;
0.003456;0.008291;0.004335;7.705613;
0.003507;0.007409;0.003459;7.713933;
0.003457;0.007272;0.003379;7.721371;
0.004158;0.008013;0.003437;7.728671;
0.003521;0.007526;0.003411;7.736711;
0.003940;0.007750;0.003385;7.744267;
0.003462;0.007383;0.003369;7.752045;
0.004034;0.008075;0.003448;7.759457;
0.003424;0.007544;0.003527;7.767561;
0.005089;0.009248;0.003491;7.775141;
0.003465;0.007419;0.003426;7.784423;
0.004585;0.008492;0.003425;7.791875;
0.003489;0.007468;0.003451;7.800398;
0.004471;0.008407;0.003403;7.807894;
0.003504;0.007333;0.003366;7.816330;
0.003544;0.008971;0.004953;7.823693;
0.003474;0.007353;0.003450;7.832690;
0.003472;0.008336;0.004360;7.840076;
0.003519;0.007435;0.003474;7.848446;
0.003484;0.008414;0.004294;7.855909;
0.003388;0.007251;0.003380;7.864356;
0.003456;0.007404;0.003429;7.871636;
0.003965;0.007825;0.003431;7.879074;
0.003479;0.007420;0.003421;7.886931;
0.003927;0.007903;0.003490;7.894379;
0.003539;0.007443;0.003433;7.902309;
0.004137;0.008014;0.003397;7.909781;
0.003562;0.007341;0.003345;7.917822;
0.005007;0.008902;0.003437;7.925191;
0.003468;0.007361;0.003403;7.934123;
0.004509;0.008443;0.003469;7.941510;
0.003510;0.007372;0.003409;7.949981;
0.003462;0.008240;0.004331;7.957383;
0.003516;0.007375;0.003413;7.965651;
0.003478;0.008319;0.004312;7.973056;
0.003549;0.007457;0.003441;7.981404;
0.003473;0.008404;0.004354;7.988889;
0.003495;0.007335;0.003425;7.997322;
0.003475;0.007364;0.003454;8.004685;
0.004120;0.007910;0.003398;8.012080;
0.003453;0.007384;0.003393;8.020024;
0.004015;0.008015;0.003467;8.027436;
0.003510;0.007352;0.003429;8.035481;
0.004029;0.007889;0.003409;8.042860;
0.003492;0.007420;0.003382;8.050776;
0.003508;0.008359;0.004349;8.058225;
0.003476;0.007403;0.003434;8.066613;
0.003453;0.008196;0.004316;8.074043;
0.003551;0.007513;0.003495;8.082268;
0.003501;0.008227;0.004293;8.089808;
0.003468;0.007386;0.003418;8.098069;
0.003595;0.008138;0.004072;8.105491;
0.003756;0.007604;0.003374;8.113655;
0.003430;0.007291;0.003335;8.121291;
0.003921;0.007915;0.003467;8.128611;
0.003562;0.007403;0.003435;8.136554;
0.004101;0.008013;0.003427;8.143985;
0.003499;0.007475;0.003403;8.152028;
0.005028;0.008861;0.003380;8.159534;
0.003498;0.007343;0.003412;8.168422;
0.005079;0.009004;0.003415;8.175800;
0.003486;0.007406;0.003422;8.184837;
0.004503;0.008513;0.003484;8.192273;
0.003542;0.007474;0.003497;8.200820;
0.003470;0.008354;0.004371;8.208323;
0.003451;0.007373;0.003454;8.216705;
0.003428;0.008297;0.004392;8.224116;
0.003537;0.007371;0.003430;8.232442;
0.003454;0.008252;0.004333;8.239840;
0.003480;0.007401;0.003458;8.248142;
0.003486;0.007256;0.003367;8.255570;
0.004167;0.008049;0.003466;8.262855;
0.003483;0.007636;0.003756;8.270931;
0.004050;0.008071;0.003531;8.278596;
0.003523;0.007419;0.003373;8.286695;
0.003944;0.007919;0.003483;8.294146;
0.003484;0.007482;0.003486;8.302116;
0.004972;0.008986;0.003504;8.309630;
0.003590;0.007481;0.003404;8.318645;
0.005036;0.008993;0.003449;8.326157;
0.003456;0.007291;0.003412;8.335187;
0.004455;0.008348;0.003395;8.342507;
0.003545;0.007354;0.003407;8.350882;
0.003485;0.008347;0.004378;8.358263;
0.003503;0.007386;0.003472;8.366637;
0.003475;0.008366;0.004384;8.374050;
0.003532;0.007425;0.003468;8.382444;
0.003490;0.008399;0.004424;8.389897;
0.003543;0.007408;0.003377;8.398325;
0.003514;0.007451;0.003375;8.405766;
0.004038;0.007795;0.003348;8.413248;
0.003451;0.007388;0.003368;8.421079;
0.003992;0.007831;0.003385;8.428498;
0.003520;0.007355;0.003360;8.436357;
0.003986;0.007979;0.003554;8.443740;
0.003480;0.007483;0.003466;8.451745;
0.004502;0.008299;0.003386;8.459258;
0.003473;0.007408;0.003462;8.467586;
0.003534;0.008325;0.004315;8.475029;
0.003545;0.007558;0.003445;8.483383;
0.003433;0.008271;0.004377;8.490968;
0.003473;0.007350;0.003393;8.499268;
0.003522;0.008294;0.004345;8.506646;
0.003487;0.007468;0.003482;8.514969;
0.003557;0.007316;0.003363;8.522465;
0.004087;0.007972;0.003388;8.529811;
0.003489;0.007377;0.003409;8.537809;
0.003995;0.007879;0.003437;8.545215;
0.003450;0.007371;0.003469;8.553149;
0.003837;0.007677;0.003364;8.560558;
0.003581;0.007464;0.003481;8.568263;
0.003441;0.008233;0.004306;8.575756;
0.003542;0.007410;0.003395;8.584017;
0.003440;0.008293;0.004379;8.591457;
0.003524;0.007403;0.003424;8.599777;
0.003413;0.008366;0.004383;8.607208;
0.003547;0.007339;0.003404;8.615607;
0.003483;0.007351;0.003386;8.622974;
0.004126;0.008014;0.003397;8.630355;
0.003557;0.007405;0.003355;8.638396;
0.004112;0.007861;0.003347;8.645829;
0.003548;0.007516;0.003350;8.653718;
0.003859;0.007692;0.003440;8.661263;
0.003486;0.007362;0.003358;8.668983;
0.004490;0.008339;0.003387;8.676374;
0.003487;0.007403;0.003436;8.684740;
0.003440;0.008283;0.004329;8.692191;
0.003514;0.007465;0.003470;8.700503;
0.003485;0.008281;0.004306;8.707995;
0.003420;0.007350;0.003450;8.716306;
0.003574;0.008345;0.004339;8.723683;
0.003583;0.007399;0.003375;8.732061;
0.003578;0.007583;0.003450;8.739490;
0.003989;0.007868;0.003422;8.747100;
0.003525;0.007553;0.003400;8.754994;
0.003808;0.007853;0.003486;8.762577;
0.003549;0.007579;0.003499;8.770457;
0.003939;0.007884;0.003461;8.778075;
0.003482;0.007318;0.003398;8.785986;
0.004086;0.007917;0.003320;8.793331;
0.003478;0.007528;0.003549;8.801277;
0.003462;0.008331;0.004350;8.808834;
0.003515;0.007321;0.003378;8.817200;
0.003484;0.008449;0.004431;8.824553;
0.003534;0.007350;0.003355;8.833030;
0.003506;0.008495;0.004503;8.840409;
0.003496;0.007408;0.003452;8.848932;
0.003466;0.007248;0.003330;8.856374;
0.004139;0.008005;0.003423;8.863650;
0.003485;0.007380;0.003425;8.871684;
0.004121;0.007952;0.003396;8.879092;
0.003544;0.007462;0.003444;8.887072;
0.003897;0.007690;0.003372;8.894563;
0.003490;0.007437;0.003468;8.902281;
0.003515;0.008243;0.004322;8.909746;
0.003480;0.007355;0.003400;8.918016;
0.003483;0.008305;0.004362;8.925400;
0.003444;0.007272;0.003365;8.933741;
0.003543;0.008322;0.004329;8.941057;
0.003438;0.007372;0.003473;8.949410;
0.003598;0.007467;0.003353;8.956812;
0.003964;0.007871;0.003422;8.964307;
0.003459;0.007344;0.003451;8.972206;
0.004041;0.007931;0.003425;8.979577;
0.003487;0.007284;0.003367;8.987538;
0.004049;0.007791;0.003359;8.994849;
0.003489;0.007449;0.003454;9.002667;
0.004519;0.008357;0.003434;9.010144;
0.003476;0.007311;0.003406;9.018529;
0.003452;0.008263;0.004340;9.025868;
0.003450;0.007315;0.003411;9.034161;
0.003440;0.008184;0.004350;9.041504;
0.003537;0.007309;0.003390;9.049718;
0.003590;0.007497;0.003400;9.057059;
0.004057;0.007901;0.003386;9.064586;
0.003494;0.007787;0.003849;9.072515;
0.004076;0.007995;0.003402;9.080334;
0.003553;0.007430;0.003466;9.088361;
0.004109;0.007971;0.003439;9.095819;
0.003550;0.007375;0.003377;9.103819;
0.005022;0.008943;0.003387;9.111222;
0.003413;0.007278;0.003367;9.120214;
0.005081;0.009016;0.003449;9.127521;
0.003570;0.007606;0.003560;9.136564;
0.005074;0.008937;0.003415;9.144197;
0.003588;0.007472;0.003425;9.153169;
0.004465;0.008365;0.003440;9.160668;
0.003497;0.007469;0.003427;9.169065;
0.003445;0.008286;0.004329;9.176568;
0.003569;0.007478;0.003416;9.184881;
0.003427;0.008262;0.004380;9.192387;
0.003493;0.007549;0.003461;9.200677;
0.003374;0.008407;0.004398;9.208256;
0.003492;0.007413;0.003409;9.216696;
0.003480;0.007367;0.003338;9.224141;
0.003981;0.007942;0.003479;9.231545;
0.003472;0.008720;0.004722;9.239517;
0.003708;0.007550;0.003422;9.248272;
0.003448;0.007301;0.003370;9.255865;
0.004110;0.008066;0.003456;9.263208;
0.003459;0.007338;0.003412;9.271307;
0.003866;0.007804;0.003429;9.278672;
0.003520;0.007405;0.003433;9.286503;
0.004507;0.008452;0.003435;9.293935;
0.003492;0.007363;0.003424;9.302416;
0.003466;0.008277;0.004398;9.309805;
0.003471;0.007470;0.003444;9.318110;
0.003517;0.008404;0.004403;9.325615;
0.003448;0.007467;0.003436;9.334050;
0.003459;0.008365;0.004418;9.341557;
0.003448;0.007277;0.003391;9.349949;
0.003513;0.007375;0.003386;9.357253;
0.003975;0.007923;0.003430;9.364656;
0.003471;0.007423;0.003503;9.372608;
0.004041;0.008033;0.003434;9.380061;
0.003515;0.007448;0.003381;9.388126;
0.003732;0.007719;0.003484;9.395604;
0.003542;0.007417;0.003432;9.403352;
0.004497;0.008513;0.003466;9.410796;
0.003510;0.007375;0.003453;9.419341;
0.003461;0.008286;0.004313;9.426744;
0.003492;0.007486;0.003460;9.435058;
0.003480;0.008309;0.004339;9.442574;
0.003477;0.007503;0.003551;9.450909;
0.003516;0.008062;0.004072;9.458439;
0.003601;0.007470;0.003449;9.466529;
0.003525;0.007351;0.003388;9.474026;
0.004101;0.007960;0.003381;9.481404;
0.003522;0.007336;0.003375;9.489391;
0.004122;0.008107;0.003467;9.496754;
0.003432;0.007570;0.003513;9.504890;
0.003814;0.007773;0.003484;9.512490;
0.003410;0.007246;0.003367;9.520290;
0.003479;0.008265;0.004345;9.527565;
0.003484;0.007286;0.003385;9.535858;
0.003491;0.008361;0.004285;9.543175;
0.003547;0.007395;0.003369;9.551567;
0.003465;0.008246;0.004303;9.558989;
0.003470;0.007283;0.003364;9.567265;
0.003545;0.007367;0.003438;9.574574;
0.004108;0.008041;0.003445;9.581972;
0.003508;0.007460;0.003403;9.590041;
0.003958;0.007938;0.003445;9.597528;
0.003546;0.007832;0.003509;9.605496;
0.003729;0.007667;0.003471;9.613356;
0.003509;0.007441;0.003425;9.621050;
0.005086;0.009095;0.003442;9.628518;
0.003633;0.007460;0.003402;9.637643;
0.004962;0.008867;0.003454;9.645133;
0.003508;0.007363;0.003437;9.654031;
0.004521;0.008399;0.003389;9.661421;
0.003570;0.007451;0.003424;9.669847;
0.003417;0.008191;0.004352;9.677329;
0.003504;0.007289;0.003369;9.685549;
0.003509;0.008297;0.004290;9.692864;
0.003447;0.007306;0.003364;9.701196;
0.003511;0.008531;0.004556;9.708528;
0.003580;0.007460;0.003431;9.717096;
0.003487;0.007333;0.003384;9.724586;
0.004099;0.008001;0.003468;9.731947;
0.003482;0.007360;0.003396;9.739976;
0.004048;0.007935;0.003408;9.747366;
0.003510;0.007361;0.003453;9.755327;
0.003959;0.007996;0.003511;9.762716;
0.003527;0.007617;0.003530;9.770741;
0.004501;0.008404;0.003431;9.778386;
0.003534;0.007362;0.003389;9.786819;
0.003451;0.008247;0.004305;9.794214;
0.003480;0.007328;0.003462;9.802490;
0.003491;0.008430;0.004373;9.809845;
0.003531;0.007407;0.003442;9.818304;
0.003525;0.008058;0.004101;9.825738;
0.003449;0.007254;0.003409;9.833826;
0.003475;0.007411;0.003360;9.841114;
0.004014;0.007866;0.003373;9.848552;
0.003497;0.007272;0.003387;9.856445;
0.004135;0.007946;0.003426;9.863747;
0.003545;0.007459;0.003374;9.871720;
0.004936;0.009306;0.003836;9.879223;
0.003512;0.007396;0.003452;9.888559;
0.005029;0.008897;0.003465;9.895986;
0.003530;0.007446;0.003384;9.904911;
0.005015;0.008914;0.003412;9.912388;
0.003494;0.007392;0.003416;9.921330;
0.004100;0.007844;0.003330;9.928751;
0.003493;0.007447;0.003474;9.936623;
0.003507;0.008437;0.004370;9.944111;
0.003470;0.007400;0.003479;9.952576;
0.003535;0.008345;0.004355;9.960004;
0.003516;0.007448;0.003488;9.968376;
0.003529;0.008409;0.004387;9.975850;
0.003456;0.007377;0.003408;9.984295;
0.003530;0.007375;0.003436;9.991705;
0.004068;0.008064;0.003516;9.999112;
0.003463;0.007453;0.003507;10.007215;
0.003973;0.007859;0.003474;10.014704;
0.003559;0.007457;0.003431;10.022590;
0.003714;0.007709;0.003486;10.030074;
0.003532;0.007372;0.003375;10.037812;
0.003464;0.008386;0.004353;10.045212;
0.003572;0.007399;0.003397;10.053626;
0.003468;0.008336;0.004345;10.061051;
0.003537;0.007388;0.003436;10.069423;
0.003455;0.008252;0.004335;10.076839;
0.003563;0.007439;0.003442;10.085123;
0.003515;0.008084;0.004048;10.092590;
0.003721;0.007613;0.003430;10.100702;
0.003476;0.007309;0.003324;10.108347;
0.004004;0.007857;0.003447;10.115684;
0.003507;0.007383;0.003366;10.123568;
0.004055;0.007804;0.003371;10.130980;
0.003514;0.007418;0.003430;10.138811;
0.004631;0.008424;0.003353;10.146259;
0.003530;0.007452;0.003385;10.154713;
0.004489;0.008325;0.003380;10.162203;
0.003492;0.007331;0.003403;10.170560;
0.003441;0.008227;0.004294;10.177919;
0.003458;0.007447;0.003466;10.186213;
0.003529;0.008268;0.004320;10.193689;
0.003525;0.007497;0.003401;10.201984;
0.003500;0.008431;0.004509;10.209512;
0.003504;0.007449;0.003388;10.217973;
0.003566;0.007437;0.003461;10.225450;
0.004061;0.008123;0.003585;10.232913;
0.003542;0.007376;0.003320;10.241066;
0.003962;0.007790;0.003322;10.248471;
0.003431;0.007406;0.003565;10.256299;
0.003917;0.007851;0.003427;10.263739;
0.003531;0.007382;0.003446;10.271620;
0.003417;0.008284;0.004384;10.279031;
0.003464;0.007333;0.003393;10.287343;
0.003468;0.008277;0.004315;10.294703;
0.003504;0.007439;0.003474;10.303007;
0.003505;0.008263;0.004328;10.310473;
0.003513;0.007433;0.003458;10.318766;
0.003461;0.007390;0.003511;10.326236;
0.004125;0.007943;0.003430;10.333665;
0.003596;0.007530;0.003421;10.341637;
0.004051;0.007870;0.003406;10.349196;
0.003608;0.007515;0.003377;10.357094;
0.004129;0.008069;0.003453;10.364638;
0.003462;0.007339;0.003408;10.372736;
0.005096;0.009008;0.003465;10.380103;
0.003477;0.007398;0.003372;10.389140;
0.005106;0.009085;0.003382;10.396565;
0.003473;0.007406;0.003507;10.405681;
0.005106;0.008878;0.003373;10.413116;
0.003488;0.007449;0.003472;10.422022;
0.004586;0.008517;0.003477;10.429499;
0.003540;0.007605;0.003439;10.438045;
0.003382;0.008180;0.004334;10.445687;
0.003489;0.007408;0.003439;10.453900;
0.003472;0.008333;0.004346;10.461337;
0.003596;0.007606;0.003471;10.469699;
0.003468;0.008355;0.004356;10.477338;
0.003512;0.007344;0.003408;10.485723;
0.003597;0.007507;0.003364;10.493094;
0.003962;0.007975;0.003527;10.500628;
0.003513;0.007510;0.003465;10.508633;
0.004022;0.008097;0.003553;10.516177;
0.003502;0.007390;0.003448;10.524308;
0.004040;0.007904;0.003412;10.531727;
0.003550;0.007388;0.003377;10.539659;
0.005070;0.008914;0.003406;10.547073;
0.003512;0.007389;0.003412;10.556015;
0.005044;0.008969;0.003450;10.563431;
0.003488;0.007337;0.003404;10.572428;
0.004481;0.008328;0.003419;10.579792;
0.003448;0.007404;0.003482;10.588149;
0.003458;0.008214;0.004317;10.595582;
0.003443;0.007251;0.003401;10.603824;
0.003456;0.008295;0.004366;10.611103;
0.003459;0.007297;0.003353;10.619427;
0.003477;0.008233;0.004293;10.626751;
0.003487;0.007376;0.003446;10.635015;
0.003513;0.007284;0.003371;10.642417;
0.004090;0.007954;0.003452;10.649729;
0.003578;0.007783;0.003746;10.657712;
0.004087;0.008045;0.003429;10.665523;
0.003537;0.007416;0.003454;10.673594;
0.003995;0.007848;0.003403;10.681039;
0.003500;0.007440;0.003431;10.688914;
0.003425;0.008327;0.004335;10.696383;
0.003634;0.007576;0.003383;10.704739;
0.003362;0.008290;0.004324;10.712344;
0.003548;0.007364;0.003394;10.720663;
0.003459;0.008281;0.004340;10.728056;
0.003558;0.007421;0.003410;10.736365;
0.003489;0.008293;0.004351;10.743814;
0.003492;0.007359;0.003450;10.752144;
0.003548;0.007431;0.003407;10.759530;
0.004168;0.008135;0.003460;10.766989;
0.003549;0.007513;0.003446;10.775152;
0.004054;0.007887;0.003393;10.782693;
0.003516;0.007347;0.003385;10.790608;
0.004010;0.007803;0.003377;10.797984;
0.003470;0.007362;0.003443;10.805815;
0.003504;0.008405;0.004327;10.813211;
0.003448;0.007370;0.003497;10.821644;
0.003540;0.008361;0.004362;10.829042;
0.003484;0.007381;0.003449;10.837429;
0.003477;0.008313;0.004401;10.844839;
0.003462;0.007312;0.003377;10.853179;
0.003561;0.007436;0.003406;10.860519;
0.004004;0.007863;0.003415;10.867982;
0.003516;0.007457;0.003373;10.875872;
0.003918;0.007762;0.003414;10.883363;
0.003594;0.007474;0.003366;10.891155;
0.004005;0.007845;0.003351;10.898658;
0.003538;0.007367;0.003442;10.906530;
0.004029;0.008012;0.003523;10.913926;
0.003524;0.007410;0.003425;10.921969;
0.003476;0.008323;0.004408;10.929405;
0.003504;0.007391;0.003431;10.937757;
0.003416;0.008306;0.004365;10.945176;
0.003546;0.007365;0.003432;10.953520;
0.003464;0.008305;0.004386;10.960912;
0.003462;0.007306;0.003359;10.969253;
0.003459;0.007340;0.003436;10.976596;
0.004108;0.007964;0.003436;10.983963;
0.003471;0.007287;0.003383;10.991955;
0.004159;0.008060;0.003435;10.999269;
0.003427;0.007377;0.003430;11.007357;
0.005075;0.008933;0.003439;11.014761;
0.003437;0.007444;0.003445;11.023722;
0.005208;0.009175;0.003453;11.031204;
0.003436;0.007306;0.003433;11.040415;
0.005076;0.009047;0.003491;11.047751;
0.003571;0.007440;0.003391;11.056826;
0.005116;0.008953;0.003412;11.064302;
0.003442;0.007448;0.003426;11.073298;
0.004516;0.008401;0.003389;11.080782;
0.003426;0.007489;0.003554;11.089215;
0.003619;0.008351;0.004292;11.096735;
0.003555;0.007473;0.003426;11.105115;
0.003497;0.008253;0.004315;11.112616;
0.003457;0.007277;0.003380;11.120895;
0.003530;0.008410;0.004394;11.128201;
0.003541;0.007618;0.003518;11.136641;
0.003425;0.007278;0.003430;11.144296;
0.004097;0.008073;0.003454;11.151605;
0.003527;0.007341;0.003362;11.159705;
0.004085;0.007986;0.003415;11.167074;
0.003610;0.007462;0.003381;11.175088;
0.003996;0.007953;0.003387;11.182610;
0.003601;0.007500;0.003447;11.190591;
0.004583;0.008483;0.003413;11.198118;
0.003489;0.007267;0.003393;11.206630;
0.003494;0.008300;0.004329;11.213924;
0.003530;0.007339;0.003414;11.222267;
0.003451;0.008347;0.004401;11.229638;
0.003589;0.007511;0.003381;11.238013;
0.003466;0.008385;0.004403;11.245557;
0.003518;0.007506;0.003496;11.253974;
0.003501;0.007551;0.003491;11.261507;
0.003991;0.007943;0.003522;11.269087;
0.003550;0.007466;0.003352;11.277056;
0.004028;0.007924;0.003380;11.284551;
0.003481;0.007558;0.003524;11.292502;
0.003998;0.007935;0.003499;11.300088;
0.003480;0.007477;0.003414;11.308051;
0.004510;0.008348;0.003399;11.315557;
0.003474;0.007384;0.003437;11.323932;
0.004483;0.008333;0.003407;11.331344;
0.003478;0.007429;0.003502;11.339705;
0.003468;0.008347;0.004355;11.347169;
0.003507;0.007387;0.003402;11.355546;
0.003475;0.008333;0.004398;11.362960;
0.003504;0.007357;0.003427;11.371322;
0.003497;0.008212;0.004297;11.378707;
0.003498;0.007333;0.003400;11.386949;
0.003441;0.007425;0.003381;11.394309;
0.003884;0.007904;0.003504;11.401762;
0.003573;0.007411;0.003369;11.409694;
0.004032;0.007899;0.003418;11.417134;
0.003547;0.007410;0.003379;11.425061;
0.003936;0.007890;0.003427;11.432499;
0.003453;0.007384;0.003462;11.440420;
0.003456;0.008576;0.004652;11.447833;
0.003498;0.007317;0.003382;11.456436;
0.003469;0.008273;0.004371;11.463781;
0.003505;0.007428;0.003436;11.472082;
0.003480;0.008365;0.004380;11.479539;
0.003468;0.007427;0.003469;11.487936;
0.003504;0.008336;0.004417;11.495392;
0.003475;0.007379;0.003395;11.503757;
0.003515;0.007354;0.003353;11.511166;
0.003965;0.007922;0.003438;11.518548;
0.003507;0.007449;0.003468;11.526499;
0.004108;0.007987;0.003395;11.533975;
0.003529;0.007452;0.003406;11.541989;
0.003771;0.007564;0.003325;11.549469;
0.003488;0.007312;0.003387;11.557062;
0.003469;0.008270;0.004326;11.564402;
0.003515;0.007518;0.003550;11.572699;
0.003454;0.008287;0.004329;11.580244;
0.005151;0.009162;0.003443;11.588561;
0.003397;0.008217;0.004366;11.597752;
0.003550;0.007449;0.003466;11.605995;
0.003462;0.008264;0.004337;11.613472;
0.003492;0.007325;0.003435;11.621764;
0.003485;0.008321;0.004364;11.629116;
0.003533;0.007499;0.003451;11.637464;
0.003522;0.007502;0.003378;11.644992;
0.004043;0.007971;0.003454;11.652527;
0.003497;0.007249;0.003338;11.660525;
0.004152;0.007950;0.003362;11.667802;
0.003485;0.007365;0.003410;11.675779;
0.003803;0.007625;0.003391;11.683173;
0.003539;0.007569;0.003422;11.690828;
0.004171;0.008266;0.003399;11.698425;
0.003579;0.007904;0.003664;11.706723;
0.003520;0.008373;0.004338;11.714663;
0.003473;0.007532;0.003494;11.723063;
0.003542;0.008585;0.004453;11.730631;
0.003427;0.007451;0.003420;11.739264;
0.003554;0.008348;0.004336;11.746744;
0.003520;0.007720;0.003570;11.755120;
0.003563;0.008686;0.004448;11.762869;
0.003425;0.007466;0.003539;11.771590;
0.003507;0.007958;0.004050;11.779089;
0.003865;0.007795;0.003473;11.787075;
0.003682;0.007560;0.003326;11.794899;
0.004057;0.008307;0.003489;11.802486;
0.003489;0.007422;0.003392;11.810829;
0.003996;0.008192;0.003586;11.818279;
0.003570;0.007632;0.003444;11.826516;
0.003917;0.007816;0.003381;11.834184;
0.003520;0.007395;0.003383;11.842029;
0.004595;0.008616;0.003432;11.849452;
0.003550;0.007628;0.003375;11.858096;
0.004445;0.008687;0.003519;11.865759;
0.003471;0.007284;0.003380;11.874481;
0.003576;0.008681;0.004364;11.881794;
0.003601;0.007677;0.003568;11.890510;
0.003459;0.008540;0.004442;11.898229;
0.003561;0.007582;0.003477;11.906802;
0.003401;0.008340;0.004325;11.914425;
0.003582;0.007676;0.003529;11.922792;
0.003499;0.008386;0.004411;11.930499;
0.003552;0.007579;0.003530;11.938911;
0.003566;0.008512;0.004436;11.946518;
0.003560;0.007588;0.003425;11.955059;
0.003471;0.008304;0.004282;11.962681;
0.003535;0.007470;0.003408;11.971013;
0.003626;0.007756;0.003420;11.978514;
0.003891;0.007836;0.003449;11.986305;
0.003511;0.007672;0.003419;11.994170;
0.003820;0.007741;0.003545;12.001873;
0.003496;0.007535;0.003524;12.009642;
0.003802;0.007882;0.003533;12.017206;
0.003594;0.007712;0.003594;12.025116;
0.005219;0.009380;0.003527;12.032856;
0.003563;0.007762;0.003557;12.042265;
0.005031;0.009073;0.003522;12.050056;
0.003529;0.007408;0.003350;12.059157;
0.004979;0.008925;0.003353;12.066593;
0.003520;0.007585;0.003557;12.075553;
0.004305;0.008325;0.003439;12.083166;
0.003507;0.007377;0.003362;12.091522;
0.003586;0.008537;0.004367;12.098928;
0.003504;0.007308;0.003321;12.107497;
0.003585;0.008529;0.004355;12.114834;
0.003492;0.007600;0.003527;12.123392;
0.003465;0.008393;0.004403;12.131024;
0.003485;0.007506;0.003596;12.139445;
0.003438;0.008375;0.004382;12.146980;
0.003466;0.007502;0.003461;12.155384;
0.003484;0.007582;0.003392;12.162917;
0.003786;0.007739;0.003478;12.170529;
0.003489;0.007469;0.003482;12.178296;
0.003959;0.008032;0.003348;12.185793;
0.003486;0.007457;0.003401;12.193859;
0.004057;0.008114;0.003503;12.201350;
0.003363;0.007110;0.003351;12.209492;
0.005092;0.009082;0.003363;12.216630;
0.003572;0.007451;0.003350;12.225740;
0.004086;0.008990;0.004184;12.233230;
0.003504;0.008375;0.003847;12.242249;
0.004951;0.009259;0.003547;12.250660;
0.003516;0.007839;0.003604;12.259956;
0.003940;0.008028;0.003468;12.267827;
0.003503;0.007366;0.003387;12.275888;
0.004411;0.008195;0.003377;12.283288;
0.003486;0.007347;0.003397;12.291515;
0.003519;0.008436;0.004343;12.298889;
0.003450;0.007355;0.003409;12.307355;
0.003468;0.008243;0.004326;12.314739;
0.003492;0.007375;0.003400;12.323009;
0.003469;0.008039;0.004071;12.330412;
0.003499;0.007391;0.003422;12.338478;
0.003629;0.007561;0.003428;12.345901;
0.003997;0.007978;0.003495;12.353490;
0.003491;0.007345;0.003387;12.361498;
0.004073;0.007855;0.003355;12.368871;
0.003583;0.007403;0.003359;12.376754;
0.003954;0.007944;0.003505;12.384184;
0.003539;0.007396;0.003396;12.392158;
0.003440;0.008240;0.004341;12.399581;
0.003502;0.007431;0.003492;12.407848;
0.003395;0.008301;0.004380;12.415318;
0.003513;0.007339;0.003410;12.423647;
0.003487;0.008243;0.004290;12.431013;
0.003504;0.007388;0.003408;12.439290;
0.003498;0.007558;0.003476;12.446706;
0.004051;0.007918;0.003400;12.454295;
0.003452;0.007501;0.003406;12.462252;
0.003986;0.007845;0.003356;12.469784;
0.003393;0.007144;0.003315;12.477666;
0.004150;0.007990;0.003443;12.484845;
0.003450;0.007436;0.003497;12.492864;
0.004719;0.008638;0.003487;12.500328;
0.003482;0.007425;0.003433;12.508994;
0.003421;0.008120;0.004314;12.516447;
0.003507;0.007378;0.003382;12.524594;
0.003496;0.008239;0.004325;12.532001;
0.003520;0.007643;0.003509;12.540267;
0.003463;0.008257;0.004364;12.547937;
0.003496;0.007619;0.003500;12.556233;
0.003570;0.008384;0.004359;12.563886;
0.003483;0.007459;0.003423;12.572298;
0.003541;0.007484;0.003396;12.579784;
0.003880;0.007785;0.003416;12.587303;
0.003543;0.007393;0.003380;12.595117;
0.004020;0.007941;0.003382;12.602539;
0.003437;0.007235;0.003378;12.610510;
0.005029;0.008922;0.003357;12.617775;
0.003527;0.007451;0.003509;12.626726;
0.005057;0.009042;0.003504;12.634203;
0.003511;0.007372;0.003446;12.643283;
0.005096;0.009050;0.003400;12.650684;
0.003512;0.007378;0.003421;12.659761;
0.004467;0.008456;0.003477;12.667169;
0.003560;0.007413;0.003452;12.675653;
0.003444;0.008292;0.004303;12.683096;
0.003469;0.007460;0.003543;12.691417;
0.003481;0.008283;0.004360;12.698905;
0.003484;0.007449;0.003454;12.707225;
0.003437;0.008191;0.004353;12.714710;
0.003525;0.007361;0.003409;12.722934;
0.003422;0.007365;0.003353;12.730330;
0.003932;0.007798;0.003383;12.737722;
0.003442;0.007265;0.003391;12.745550;
0.004125;0.008007;0.003453;12.752846;
0.003552;0.007470;0.003393;12.760880;
0.004031;0.007969;0.003434;12.768382;
0.003479;0.007406;0.003460;12.776384;
0.004481;0.008275;0.003400;12.783819;
0.003477;0.007468;0.003475;12.792121;
0.003459;0.008177;0.004307;12.799617;
0.003474;0.007429;0.003476;12.807821;
0.003460;0.008348;0.004466;12.815279;
0.003427;0.007254;0.003421;12.823666;
0.003589;0.008407;0.004371;12.830947;
0.003456;0.007432;0.003532;12.839381;
0.003505;0.007338;0.003385;12.846842;
0.004057;0.008078;0.003482;12.854207;
0.003472;0.007324;0.003385;12.862328;
0.004057;0.008078;0.003504;12.869682;
0.003596;0.007859;0.003640;12.877789;
0.003630;0.007788;0.003455;12.885681;
0.003547;0.007539;0.003516;12.893498;
0.004652;0.008630;0.003483;12.901066;
0.003575;0.007411;0.003445;12.909723;
0.003437;0.008286;0.004366;12.917163;
0.003369;0.007282;0.003373;12.925476;
0.003410;0.008189;0.004325;12.932798;
0.003484;0.007322;0.003388;12.941017;
0.003536;0.008446;0.004391;12.948377;
0.003442;0.007238;0.003388;12.956849;
0.003667;0.007834;0.003598;12.964115;
0.003974;0.007954;0.003424;12.971981;
0.003582;0.007827;0.003491;12.979965;
0.003747;0.008031;0.003537;12.987827;
0.003515;0.007775;0.003492;12.995894;
0.003767;0.007690;0.003363;13.003698;
0.003490;0.007622;0.003514;13.011424;
0.003817;0.007889;0.003410;13.019075;
0.003459;0.007974;0.004003;13.026999;
0.005078;0.009157;0.003481;13.035003;
0.003553;0.007378;0.003417;13.044188;
0.005087;0.009031;0.003436;13.051593;
0.003554;0.007351;0.003361;13.060653;
0.004084;0.007994;0.003465;13.068031;
0.003538;0.007531;0.003463;13.076053;
0.003427;0.008185;0.004283;13.083611;
0.003496;0.007452;0.003456;13.091829;
0.003451;0.008355;0.004382;13.099313;
0.003687;0.007919;0.003587;13.107704;
0.003521;0.008469;0.004361;13.115659;
0.003548;0.007575;0.003420;13.124160;
0.003604;0.008298;0.004189;13.131764;
0.003532;0.007563;0.003505;13.140090;
0.003565;0.007475;0.003379;13.147682;
0.003992;0.007839;0.003433;13.155185;
0.003564;0.007505;0.003379;13.163052;
0.004007;0.007876;0.003435;13.170583;
0.003471;0.007479;0.003436;13.178486;
0.003790;0.007731;0.003459;13.185993;
0.003467;0.007356;0.003406;13.193751;
0.004223;0.008207;0.003538;13.201135;
0.003453;0.007422;0.003424;13.209370;
0.003477;0.008277;0.004375;13.216819;
0.003511;0.007347;0.003379;13.225123;
0.003469;0.008224;0.004333;13.232498;
0.003516;0.007389;0.003452;13.240749;
0.003510;0.007376;0.003423;13.248167;
0.003993;0.007916;0.003441;13.255572;
0.003542;0.007560;0.003544;13.263516;
0.004069;0.008135;0.003565;13.271107;
0.003563;0.007514;0.003421;13.279270;
0.003919;0.007921;0.003436;13.286813;
0.003558;0.007517;0.003471;13.294763;
0.004973;0.008875;0.003435;13.302308;
0.003495;0.007411;0.003421;13.311225;
0.005182;0.009377;0.003449;13.318665;
0.003453;0.007271;0.003403;13.328072;
0.005056;0.008973;0.003384;13.335372;
0.003498;0.007404;0.003485;13.344378;
0.004021;0.007927;0.003416;13.351809;
0.003529;0.007416;0.003472;13.359763;
0.003439;0.008298;0.004312;13.367207;
0.003425;0.007237;0.003406;13.375539;
0.003488;0.008224;0.004297;13.382806;
0.003538;0.007461;0.003382;13.391059;
0.003529;0.007354;0.003390;13.398551;
0.004132;0.008018;0.003435;13.405934;
0.003524;0.007313;0.003340;13.413980;
0.004109;0.007992;0.003495;13.421324;
0.003519;0.007518;0.003512;13.429354;
0.004050;0.007909;0.003465;13.436912;
0.003496;0.007392;0.003477;13.444849;
0.005049;0.008899;0.003442;13.452270;
0.003542;0.007482;0.003399;13.461197;
0.004072;0.007991;0.003383;13.468711;
0.003610;0.007679;0.003501;13.476730;
0.003492;0.008307;0.004362;13.484437;
0.003488;0.007328;0.003403;13.492772;
0.003540;0.008357;0.004360;13.500127;
0.003545;0.007401;0.003394;13.508512;
0.003588;0.008012;0.004019;13.515942;
0.003550;0.007474;0.003457;13.523980;
0.003522;0.007375;0.003368;13.531491;
0.004015;0.008005;0.003466;13.538895;
0.003498;0.007258;0.003366;13.546930;
0.004137;0.008317;0.003576;13.554217;
0.003633;0.007662;0.003513;13.562562;
0.003990;0.007955;0.003389;13.570268;
0.003563;0.007525;0.003518;13.578259;
0.005047;0.008961;0.003434;13.585814;
0.003492;0.007351;0.003463;13.594802;
0.004499;0.008373;0.003416;13.602180;
0.003503;0.007366;0.003458;13.610580;
0.003444;0.008258;0.004344;13.617973;
0.003584;0.007471;0.003459;13.626266;
0.003468;0.008188;0.004299;13.633765;
0.003622;0.007423;0.003371;13.641983;
0.003433;0.008170;0.004164;13.649440;
0.003503;0.007401;0.003462;13.657640;
0.003510;0.007431;0.003371;13.665071;
0.004087;0.007880;0.003374;13.672529;
0.003469;0.007373;0.003377;13.680436;
0.003995;0.008099;0.003385;13.687836;
0.003468;0.007484;0.003480;13.695971;
0.003856;0.007729;0.003447;13.703489;
0.003444;0.007410;0.003441;13.711246;
0.003486;0.008256;0.004343;13.718692;
0.003527;0.007300;0.003372;13.726975;
0.003498;0.008357;0.004278;13.734304;
0.003463;0.007365;0.003459;13.742690;
0.003447;0.008346;0.004421;13.750083;
0.003410;0.007486;0.003340;13.758457;
0.003422;0.007521;0.003517;13.765972;
0.003900;0.008018;0.003532;13.773560;
0.003449;0.007260;0.003376;13.781607;
0.004058;0.007865;0.003364;13.788894;
0.003526;0.007387;0.003372;13.796785;
0.003971;0.008174;0.003767;13.804201;
0.003453;0.007382;0.003431;13.812411;
0.005026;0.008946;0.003450;13.819822;
0.003492;0.007339;0.003409;13.828795;
0.005141;0.009052;0.003491;13.836163;
0.003480;0.007319;0.003382;13.845244;
0.004523;0.008325;0.003333;13.852592;
0.003456;0.007388;0.003475;13.860945;
0.003539;0.008431;0.004403;13.868362;
0.003468;0.007316;0.003384;13.876822;
0.003471;0.008287;0.004332;13.884168;
0.003495;0.007303;0.003365;13.892483;
0.003596;0.008545;0.004463;13.899813;
0.003469;0.007443;0.003400;13.908396;
0.003507;0.007335;0.003409;13.915867;
0.004138;0.007996;0.003453;13.923231;
0.003527;0.007377;0.003340;13.931255;
0.003971;0.007887;0.003345;13.938663;
0.003550;0.007432;0.003394;13.946579;
0.003677;0.007702;0.003479;13.954041;
0.003516;0.007342;0.003418;13.961769;
0.003488;0.008230;0.004313;13.969139;
0.003536;0.007358;0.003369;13.977396;
0.003451;0.008303;0.004360;13.984783;
0.003560;0.007539;0.003453;13.993114;
0.003459;0.008292;0.004371;14.000680;
0.003517;0.007369;0.003394;14.008999;
0.003457;0.007305;0.003377;14.016397;
0.004075;0.007898;0.003378;14.023729;
0.003483;0.007401;0.003430;14.031654;
0.004016;0.007879;0.003417;14.039084;
0.003533;0.007296;0.003342;14.046991;
0.004168;0.008052;0.003464;14.054314;
0.003504;0.007412;0.003390;14.062393;
0.004537;0.008549;0.003492;14.069834;
0.003557;0.007453;0.003419;14.078416;
0.003545;0.008575;0.004373;14.085896;
0.003406;0.007311;0.003428;14.094504;
0.003503;0.008324;0.004350;14.101844;
0.003487;0.007448;0.003434;14.110194;
0.003487;0.008259;0.004349;14.117670;
0.003539;0.007390;0.003412;14.125957;
0.003582;0.008390;0.004386;14.133376;
0.003495;0.007341;0.003373;14.141793;
0.003545;0.007488;0.003416;14.149161;
0.003956;0.007831;0.003399;14.156679;
0.003560;0.007337;0.003391;14.164536;
0.004110;0.008065;0.003499;14.171902;
0.003572;0.007484;0.003394;14.179996;
0.004611;0.008466;0.003409;14.187512;
0.003497;0.007405;0.003388;14.196008;
0.004602;0.008459;0.003392;14.203485;
0.003607;0.007585;0.003376;14.211971;
0.003323;0.008200;0.004323;14.219589;
0.003496;0.007338;0.003408;14.227819;
0.003460;0.008261;0.004323;14.235185;
0.003527;0.007411;0.003463;14.243474;
0.003466;0.008428;0.004406;14.250912;
0.003445;0.007322;0.003415;14.259376;
0.003696;0.008311;0.004152;14.266730;
0.003611;0.007632;0.003501;14.275070;
0.003452;0.007342;0.003412;14.282732;
0.004078;0.007995;0.003443;14.290105;
0.003468;0.007329;0.003374;14.298127;
0.004091;0.008168;0.003525;14.305483;
0.003492;0.007267;0.003371;14.313680;
0.005081;0.009118;0.003537;14.320973;
0.003448;0.007284;0.003376;14.330118;
0.005015;0.008910;0.003440;14.337431;
0.003493;0.007366;0.003369;14.346371;
0.005040;0.008984;0.003388;14.353768;
0.003572;0.007504;0.003487;14.362780;
0.004556;0.008476;0.003429;14.370328;
0.003453;0.007320;0.003414;14.378835;
0.003482;0.008277;0.004348;14.386182;
0.003498;0.007407;0.003414;14.394485;
0.003497;0.008352;0.004309;14.401918;
0.003472;0.007434;0.003407;14.410308;
0.003508;0.008363;0.004350;14.417776;
0.003468;0.007346;0.003412;14.426167;
0.003578;0.007454;0.003389;14.433540;
0.003967;0.007800;0.003376;14.441022;
0.003549;0.007403;0.003381;14.448850;
0.003966;0.007884;0.003451;14.456280;
0.003521;0.007472;0.003426;14.464205;
0.003649;0.007489;0.003394;14.471709;
0.003495;0.007523;0.003483;14.479227;
0.003510;0.008234;0.004301;14.486777;
0.003536;0.007315;0.003376;14.495039;
0.003486;0.008516;0.004360;14.502384;
0.003461;0.007271;0.003388;14.510930;
0.003455;0.008556;0.004395;14.518228;
0.003324;0.007240;0.003447;14.526819;
0.003464;0.007262;0.003382;14.534087;
0.004139;0.007947;0.003384;14.541378;
0.003533;0.007487;0.003352;14.549353;
0.003887;0.007802;0.003436;14.556870;
0.003532;0.007377;0.003370;14.564699;
0.004046;0.008062;0.003495;14.572104;
0.003539;0.007779;0.003780;14.580197;
0.005018;0.008964;0.003495;14.588006;
0.003509;0.007372;0.003459;14.596996;
0.005001;0.008967;0.003460;14.604412;
0.003526;0.007404;0.003432;14.613417;
0.004485;0.008309;0.003367;14.620847;
0.003579;0.007415;0.003401;14.629184;
0.003488;0.008357;0.004397;14.636626;
0.003583;0.007480;0.003388;14.645014;
0.003423;0.008327;0.004388;14.652521;
0.003501;0.007359;0.003433;14.660877;
0.003454;0.008271;0.004313;14.668263;
0.003522;0.007378;0.003431;14.676563;
0.003474;0.007398;0.003365;14.683968;
0.003950;0.007910;0.003384;14.691403;
0.003495;0.007531;0.003497;14.699352;
0.003971;0.007909;0.003436;14.706910;
0.003503;0.007417;0.003362;14.714849;
0.004026;0.007965;0.003507;14.722293;
0.003474;0.007407;0.003428;14.730288;
0.004673;0.008536;0.003427;14.737721;
0.003542;0.007376;0.003364;14.746286;
0.003539;0.008363;0.004305;14.753692;
0.003502;0.007481;0.003394;14.762082;
0.003414;0.008438;0.004441;14.769598;
0.003436;0.007348;0.003339;14.778069;
0.003448;0.008273;0.004364;14.785457;
0.003504;0.007379;0.003398;14.793757;
0.003512;0.007371;0.003399;14.801167;
0.004119;0.008011;0.003352;14.808564;
0.003486;0.007306;0.003436;14.816610;
0.004086;0.007916;0.003407;14.823945;
0.003519;0.007264;0.003379;14.831889;
0.004120;0.008000;0.003395;14.839183;
0.003535;0.007644;0.003429;14.847211;
0.004231;0.008120;0.003399;14.854884;
0.003562;0.007429;0.003387;14.863033;
0.003420;0.008291;0.004382;14.870491;
0.003528;0.007357;0.003433;14.878810;
0.003446;0.008378;0.004349;14.886194;
0.003492;0.007439;0.003448;14.894608;
0.003459;0.008424;0.004344;14.902075;
0.003437;0.007296;0.003379;14.910526;
0.003521;0.007458;0.003466;14.917851;
0.004099;0.007941;0.003412;14.925340;
0.003477;0.007277;0.003381;14.933308;
0.004102;0.008109;0.003529;14.940613;
0.003478;0.007306;0.003389;14.948750;
0.004085;0.008013;0.003483;14.956083;
0.003481;0.007408;0.003424;14.964127;
0.004406;0.008272;0.003425;14.971562;
0.003480;0.007430;0.003467;14.979865;
0.003567;0.008391;0.004367;14.987329;
0.003481;0.007333;0.003418;14.995746;
0.003483;0.008240;0.004336;15.003106;
0.003479;0.007453;0.003501;15.011374;
0.003502;0.008262;0.004279;15.018854;
0.003453;0.007327;0.003414;15.027143;
0.003530;0.007525;0.003472;15.034502;
0.003947;0.007842;0.003462;15.042056;
0.003670;0.007484;0.003397;15.049928;
0.004101;0.008007;0.003451;15.057442;
0.003473;0.007447;0.003396;15.065481;
0.003887;0.007953;0.003554;15.072984;
0.003490;0.007260;0.003394;15.080967;
0.004534;0.008526;0.003426;15.088254;
0.003620;0.007463;0.003408;15.096808;
0.003472;0.008308;0.004327;15.104300;
0.003574;0.007628;0.003520;15.112641;
0.003455;0.008345;0.004381;15.120301;
0.003520;0.007371;0.003363;15.128675;
0.003440;0.008222;0.004329;15.136076;
0.003499;0.007333;0.003405;15.144335;
0.003522;0.007361;0.003382;15.151697;
0.004085;0.007983;0.003497;15.159084;
0.003495;0.007323;0.003397;15.167097;
0.004151;0.008033;0.003411;15.174460;
0.003523;0.007430;0.003471;15.182523;
0.004087;0.008032;0.003501;15.189981;
0.003467;0.007330;0.003397;15.198073;
0.005049;0.008998;0.003489;15.205443;
0.003484;0.007435;0.003516;15.214476;
0.004501;0.008412;0.003465;15.221940;
0.003550;0.007414;0.003406;15.230379;
0.003479;0.008211;0.004305;15.237822;
0.003476;0.007377;0.003393;15.246061;
0.003438;0.008283;0.004420;15.253464;
0.003490;0.007375;0.003504;15.261776;
0.003500;0.007978;0.004023;15.269179;
0.003495;0.007379;0.003436;15.277186;
0.003465;0.007390;0.003453;15.284591;
0.004024;0.007956;0.003478;15.292009;
0.003476;0.007516;0.003417;15.299999;
0.003858;0.007785;0.003466;15.307557;
0.003467;0.007454;0.003434;15.315369;
0.005031;0.008986;0.003382;15.322856;
0.003491;0.007378;0.003427;15.331871;
0.005053;0.008978;0.003476;15.339277;
0.003470;0.007340;0.003395;15.348286;
0.005121;0.008939;0.003368;15.355653;
0.003497;0.007312;0.003403;15.364617;
0.004493;0.008847;0.003915;15.371958;
0.003465;0.007334;0.003395;15.380832;
0.003468;0.008181;0.004293;15.388194;
0.003508;0.007437;0.003397;15.396414;
0.003480;0.008203;0.004282;15.403891;
0.003459;0.007374;0.003445;15.412120;
0.003504;0.008348;0.004374;15.419521;
0.003447;0.007323;0.003468;15.427897;
0.003538;0.007330;0.003402;15.435249;
0.004117;0.008140;0.003431;15.442609;
0.003556;0.007464;0.003490;15.450776;
0.004088;0.008031;0.003498;15.458267;
0.003517;0.007345;0.003385;15.466327;
0.004092;0.007998;0.003397;15.473701;
0.003533;0.007485;0.003448;15.481732;
0.004960;0.008849;0.003384;15.489253;
0.003522;0.007528;0.003498;15.498137;
0.004477;0.008536;0.003525;15.505693;
0.003519;0.007457;0.003433;15.514256;
0.003451;0.008367;0.004400;15.521740;
0.003514;0.007365;0.003409;15.530136;
0.003438;0.008626;0.004501;15.537527;
0.003545;0.007420;0.003400;15.546185;
0.003465;0.008282;0.004362;15.553632;
0.003572;0.007394;0.003423;15.561942;
0.003477;0.007337;0.003416;15.569364;
0.004174;0.008058;0.003434;15.576728;
0.003528;0.007530;0.003453;15.584813;
0.004053;0.007972;0.003473;15.592372;
0.003475;0.007495;0.003433;15.600376;
0.003940;0.007821;0.003402;15.607901;
0.003536;0.007424;0.003439;15.615748;
0.005078;0.009060;0.003550;15.623199;
0.003492;0.007387;0.003419;15.632288;
0.004553;0.008418;0.003439;15.639702;
0.003608;0.007507;0.003400;15.648149;
0.004146;0.008619;0.004055;15.655684;
0.003546;0.007571;0.003577;15.664329;
0.003507;0.008210;0.004302;15.671928;
0.003493;0.007291;0.003380;15.680166;
0.003453;0.008203;0.004318;15.687486;
0.003498;0.007333;0.003356;15.695716;
0.003556;0.008306;0.004332;15.703077;
0.003530;0.007418;0.003381;15.711411;
0.003581;0.007442;0.003369;15.718856;
0.004042;0.008033;0.003496;15.726327;
0.003514;0.007453;0.003435;15.734391;
0.004012;0.007957;0.003426;15.741875;
0.003510;0.007358;0.003418;15.749860;
0.003810;0.007657;0.003404;15.757247;
0.003558;0.007441;0.003411;15.764933;
0.003642;0.008500;0.004347;15.772401;
0.003502;0.007363;0.003453;15.780933;
0.003452;0.008220;0.004296;15.788324;
0.003557;0.007334;0.003378;15.796571;
0.003449;0.008342;0.004431;15.803931;
0.003518;0.007415;0.003468;15.812302;
0.003523;0.007287;0.003374;15.819745;
0.004104;0.007943;0.003400;15.827062;
0.003486;0.007392;0.003426;15.835032;
0.004100;0.007966;0.003431;15.842455;
0.003434;0.007454;0.003411;15.850472;
0.003933;0.007831;0.003474;15.857957;
0.003477;0.007354;0.003445;15.865815;
0.005162;0.009000;0.003421;15.873197;
0.003424;0.007314;0.003430;15.882225;
0.004541;0.008392;0.003403;15.889566;
0.003496;0.007361;0.003405;15.897985;
0.003537;0.008310;0.004338;15.905375;
0.003471;0.007342;0.003426;15.913713;
0.003488;0.008326;0.004410;15.921082;
0.003495;0.007395;0.003396;15.929437;
0.003491;0.008430;0.004469;15.936860;
0.003465;0.007378;0.003421;15.945319;
0.003517;0.007369;0.003444;15.952724;
0.004170;0.008171;0.003532;15.960120;
0.003553;0.007352;0.003350;15.968319;
0.004041;0.007938;0.003384;15.975698;
0.003508;0.007304;0.003376;15.983667;
0.003920;0.007769;0.003351;15.990998;
0.003495;0.007282;0.003363;15.998797;
0.003453;0.008274;0.004368;16.006105;
0.003542;0.007463;0.003507;16.014418;
0.003486;0.008267;0.004314;16.021908;
0.003470;0.007420;0.003502;16.030205;
0.003482;0.008286;0.004293;16.037653;
0.003491;0.007345;0.003425;16.045965;
0.003606;0.007653;0.003550;16.053337;
0.004021;0.007904;0.003396;16.061022;
0.003555;0.007358;0.003356;16.068953;
0.004059;0.007885;0.003409;16.076336;
0.003470;0.007330;0.003411;16.084249;
0.003999;0.007818;0.003404;16.091606;
0.003444;0.007337;0.003480;16.099459;
0.004456;0.008326;0.003389;16.106834;
0.003499;0.007360;0.003395;16.115192;
0.003397;0.008316;0.004504;16.122581;
0.003476;0.007370;0.003423;16.130926;
0.003516;0.008450;0.004393;16.138325;
0.003629;0.007875;0.003746;16.146805;
0.003456;0.008250;0.004341;16.154707;
0.003667;0.007550;0.003423;16.162985;
0.003448;0.008253;0.004193;16.170568;
0.003472;0.007441;0.003515;16.178852;
0.003495;0.007295;0.003347;16.186319;
0.004082;0.008059;0.003465;16.193644;
0.003491;0.007300;0.003384;16.201731;
0.004156;0.008006;0.003445;16.209059;
0.003542;0.007392;0.003365;16.217093;
0.004995;0.008759;0.003351;16.224514;
0.003473;0.007375;0.003432;16.233303;
0.005082;0.008972;0.003397;16.240705;
0.003448;0.007277;0.003401;16.249708;
0.004498;0.008298;0.003394;16.257013;
0.003522;0.007363;0.003366;16.265341;
0.005451;0.009896;0.003977;16.272732;
0.003489;0.007283;0.003373;16.282658;
0.003497;0.008253;0.004305;16.289967;
0.003488;0.007380;0.003431;16.298248;
0.003542;0.008407;0.004375;16.305656;
0.003443;0.007393;0.003504;16.314093;
0.003539;0.008399;0.004350;16.321520;
0.003604;0.007732;0.003493;16.329954;
0.003479;0.008398;0.004390;16.337715;
0.003480;0.007362;0.003399;16.346142;
0.003551;0.007384;0.003358;16.353531;
0.004001;0.007929;0.003448;16.360943;
0.003521;0.007386;0.003422;16.368898;
0.004057;0.008031;0.003406;16.376312;
0.003551;0.007428;0.003413;16.384373;
0.003884;0.007852;0.003372;16.391836;
0.003370;0.007171;0.003395;16.399725;
0.003464;0.008253;0.004347;16.406925;
0.003472;0.007367;0.003421;16.415207;
0.003448;0.008318;0.004408;16.422602;
0.003536;0.007341;0.003365;16.430948;
0.003530;0.008508;0.004354;16.438318;
0.003495;0.007342;0.003467;16.446856;
0.003490;0.007279;0.003377;16.454224;
0.004123;0.008019;0.003429;16.461540;
0.003513;0.007464;0.003460;16.469601;
0.004085;0.007866;0.003387;16.477093;
0.003526;0.007314;0.003361;16.484987;
0.004149;0.008084;0.003475;16.492329;
0.003486;0.007348;0.003382;16.500448;
0.005201;0.009160;0.003495;16.507826;
0.003455;0.007310;0.003425;16.517017;
0.004654;0.008533;0.003472;16.524355;
0.003471;0.007436;0.003447;16.532915;
0.003520;0.008358;0.004378;16.540380;
0.003476;0.007300;0.003414;16.548777;
0.003521;0.008416;0.004412;16.556103;
0.003451;0.007396;0.003490;16.564548;
0.003545;0.008292;0.004332;16.571976;
0.003485;0.007358;0.003358;16.580294;
0.003526;0.007460;0.003445;16.587679;
0.003992;0.008072;0.003410;16.595169;
0.003461;0.007468;0.003412;16.603270;
0.003987;0.007876;0.003379;16.610767;
0.003547;0.007309;0.003355;16.618671;
0.004088;0.008017;0.003388;16.626009;
0.003507;0.007385;0.003467;16.634054;
0.005020;0.008878;0.003415;16.641468;
0.003516;0.007399;0.003405;16.650373;
0.004448;0.008248;0.003351;16.657803;
0.003551;0.007459;0.003468;16.666079;
0.003441;0.008357;0.004373;16.673569;
0.003540;0.007348;0.003399;16.681952;
0.003489;0.008410;0.004352;16.689327;
0.003474;0.007250;0.003366;16.697845;
0.003527;0.008103;0.004057;16.705126;
0.003558;0.007428;0.003401;16.713259;
0.003534;0.007418;0.003362;16.720715;
0.004024;0.007892;0.003471;16.728159;
0.003507;0.007371;0.003327;16.736078;
0.004015;0.007855;0.003416;16.743477;
0.003497;0.007488;0.003495;16.751364;
0.004956;0.008848;0.003359;16.758881;
0.003526;0.007423;0.003461;16.767757;
0.005081;0.008980;0.003496;16.775209;
0.003529;0.007387;0.003324;16.784218;
0.005047;0.008922;0.003387;16.791634;
0.003439;0.007375;0.003406;16.800581;
0.004525;0.008395;0.003451;16.807991;
0.003506;0.007443;0.003424;16.816416;
0.003470;0.008243;0.004350;16.823891;
0.003487;0.007308;0.003414;16.832163;
0.003462;0.008257;0.004335;16.839500;
0.003487;0.007356;0.003457;16.847786;
0.003477;0.008438;0.004381;16.855171;
0.003462;0.007285;0.003385;16.863638;
0.003489;0.007386;0.003404;16.870953;
0.003985;0.007795;0.003397;16.878365;
0.003486;0.007286;0.003368;16.886189;
0.004051;0.007918;0.003425;16.893501;
0.003418;0.007333;0.003418;16.901445;
0.005072;0.009150;0.003545;16.908813;
0.003456;0.007320;0.003482;16.917994;
0.005060;0.008900;0.003380;16.925341;
0.003544;0.007432;0.003383;16.934269;
0.004485;0.008471;0.003517;16.941729;
0.003534;0.007515;0.003462;16.950230;
0.003487;0.008556;0.004640;16.957771;
0.003471;0.007323;0.003355;16.966364;
0.003466;0.008301;0.004350;16.973722;
0.003483;0.007353;0.003415;16.982052;
0.003479;0.008333;0.004344;16.989431;
0.003510;0.007367;0.003428;16.997797;
0.003552;0.007403;0.003403;17.005192;
0.004020;0.007915;0.003386;17.012627;
0.003469;0.007360;0.003404;17.020578;
0.004005;0.007878;0.003415;17.027975;
0.003505;0.007243;0.003367;17.035881;
0.004212;0.008197;0.003467;17.043154;
0.003501;0.007395;0.003441;17.051378;
0.004613;0.008526;0.003459;17.058802;
0.003568;0.007425;0.003406;17.067354;
0.003489;0.008322;0.004355;17.074808;
0.003516;0.007395;0.003400;17.083162;
0.003421;0.008275;0.004394;17.090588;
0.003498;0.007525;0.003533;17.098890;
0.003514;0.008456;0.004332;17.106443;
0.003491;0.007422;0.003503;17.114927;
0.003569;0.008542;0.004446;17.122375;
0.003575;0.007382;0.003374;17.130945;
0.003577;0.007428;0.003359;17.138355;
0.004109;0.007956;0.003409;17.145813;
0.003507;0.007449;0.003411;17.153799;
0.004029;0.007845;0.003400;17.161276;
0.003498;0.007484;0.003468;17.169147;
0.003807;0.007736;0.003488;17.176661;
0.003480;0.007402;0.003441;17.184425;
0.004537;0.008381;0.003394;17.191856;
0.003469;0.007360;0.003441;17.200264;
0.003458;0.008331;0.004471;17.207651;
0.003542;0.007370;0.003372;17.216021;
0.003577;0.008401;0.004344;17.223419;
0.003510;0.007367;0.003431;17.231848;
0.003584;0.008463;0.004415;17.239244;
0.003444;0.007351;0.003448;17.247736;
0.003502;0.007333;0.003413;17.255112;
0.004045;0.007967;0.003434;17.262472;
0.003499;0.007408;0.003338;17.270475;
0.003926;0.007903;0.003360;17.277918;
0.003544;0.007444;0.003470;17.285847;
0.003955;0.007822;0.003384;17.293322;
0.003578;0.007433;0.003421;17.301170;
0.003502;0.008310;0.004344;17.308632;
0.003545;0.007368;0.003447;17.316971;
0.003463;0.008447;0.004427;17.324366;
0.003539;0.007455;0.003503;17.332842;
0.003453;0.008287;0.004304;17.340324;
0.003435;0.007414;0.003472;17.348642;
0.003483;0.008028;0.004084;17.356085;
0.003532;0.007481;0.003454;17.364140;
0.003452;0.007271;0.003374;17.371656;
0.004111;0.008008;0.003422;17.378962;
0.003486;0.007300;0.003384;17.386997;
0.004096;0.007900;0.003382;17.394323;
0.003474;0.007472;0.003505;17.402252;
0.005037;0.008891;0.003327;17.409752;
0.003407;0.007250;0.003384;17.418671;
0.004510;0.008467;0.003468;17.425949;
0.003450;0.007455;0.003462;17.434448;
0.003404;0.008276;0.004341;17.441931;
0.003484;0.007325;0.003350;17.450237;
0.003431;0.008335;0.004361;17.457609;
0.003560;0.007395;0.003390;17.465973;
0.003510;0.008325;0.004370;17.473398;
0.003460;0.007359;0.003414;17.481752;
0.003508;0.007319;0.003397;17.489141;
0.004156;0.007967;0.003382;17.496490;
0.003466;0.007394;0.003391;17.504501;
0.003956;0.007848;0.003424;17.511930;
0.003504;0.007366;0.003388;17.519806;
0.003810;0.007732;0.003477;17.527201;
0.003480;0.007310;0.003391;17.534962;
0.003444;0.008351;0.004368;17.542297;
0.003467;0.007302;0.003423;17.550680;
0.003440;0.008227;0.004319;17.558010;
0.003495;0.007404;0.003423;17.566265;
0.003486;0.008369;0.004401;17.573696;
0.003535;0.007545;0.003536;17.582092;
0.003399;0.007368;0.003445;17.589664;
0.004065;0.008005;0.003430;17.597061;
0.003476;0.007237;0.003331;17.605093;
0.004160;0.008137;0.003424;17.612358;
0.003554;0.007511;0.003464;17.620523;
0.003984;0.007906;0.003495;17.628061;
0.003488;0.007335;0.003441;17.635994;
0.005071;0.008964;0.003466;17.643356;
0.003493;0.007289;0.003381;17.652348;
0.004464;0.008398;0.003480;17.659664;
0.003509;0.007370;0.003466;17.668093;
0.003445;0.008275;0.004343;17.675493;
0.003407;0.007214;0.003374;17.683800;
0.003443;0.008569;0.004360;17.691042;
0.003391;0.007295;0.003433;17.699640;
0.003560;0.008794;0.004778;17.706963;
0.003451;0.007780;0.003878;17.715788;
0.003457;0.008464;0.004394;17.723612;
0.003470;0.007291;0.003413;17.732119;
0.003446;0.007381;0.003406;17.739439;
0.004027;0.007953;0.003439;17.746849;
0.003467;0.007346;0.003391;17.754829;
0.004012;0.007966;0.003447;17.762205;
0.003506;0.007511;0.003450;17.770199;
0.004158;0.008096;0.003415;17.777742;
0.003474;0.007248;0.003396;17.785866;
0.004563;0.008334;0.003394;17.793142;
0.003487;0.007348;0.003385;17.801512;
0.003486;0.008207;0.004313;17.808887;
0.003490;0.007345;0.003407;17.817122;
0.003471;0.008327;0.004334;17.824493;
0.003445;0.007373;0.003410;17.832851;
0.003522;0.007398;0.003344;17.840261;
0.004512;0.008503;0.003501;17.847708;
0.003459;0.007436;0.003464;17.856249;
0.004010;0.007903;0.003415;17.863722;
0.003506;0.007328;0.003410;17.871666;
0.004125;0.007994;0.003409;17.879028;
0.003494;0.007363;0.003460;17.887051;
0.004005;0.008020;0.003502;17.894442;
0.003542;0.007405;0.003404;17.902494;
0.004154;0.008228;0.003592;17.909927;
0.003524;0.007329;0.003423;17.918186;
0.003435;0.008468;0.004409;17.925547;
0.003491;0.007358;0.003384;17.934042;
0.003431;0.008430;0.004413;17.941433;
0.003520;0.007406;0.003468;17.949890;
0.003526;0.008490;0.004427;17.957321;
0.003501;0.007341;0.003397;17.965841;
0.003456;0.007316;0.003410;17.973209;
0.004150;0.008165;0.003492;17.980553;
0.003473;0.007435;0.003439;17.988750;
0.004026;0.007881;0.003406;17.996212;
0.003496;0.007289;0.003368;18.004122;
0.003856;0.007810;0.003535;18.011438;
0.003516;0.007590;0.003491;18.019276;
0.004513;0.008434;0.003471;18.026894;
0.003450;0.007374;0.003426;18.035355;
0.003445;0.008231;0.004319;18.042761;
0.003472;0.007441;0.003501;18.051020;
0.003474;0.008378;0.004356;18.058489;
0.003457;0.007390;0.003477;18.066900;
0.003522;0.007981;0.004053;18.074320;
0.003474;0.007385;0.003448;18.082329;
0.003499;0.007331;0.003447;18.089741;
0.004108;0.007916;0.003369;18.097099;
0.003522;0.007348;0.003406;18.105043;
0.004047;0.007949;0.003434;18.112421;
0.003554;0.007416;0.003406;18.120398;
0.005182;0.009115;0.003439;18.127840;
0.003559;0.007388;0.003357;18.136984;
0.005069;0.008968;0.003378;18.144405;
0.003652;0.007486;0.003405;18.153402;
0.005034;0.008953;0.003385;18.160917;
0.003477;0.007284;0.003374;18.169899;
0.004498;0.008372;0.003424;18.177212;
0.003504;0.007359;0.003454;18.185614;
0.003486;0.008307;0.004355;18.192999;
0.003524;0.007424;0.003390;18.201334;
0.003430;0.008304;0.004421;18.208784;
0.003512;0.007238;0.003348;18.217117;
0.003536;0.008416;0.004437;18.224380;
0.003532;0.007357;0.003373;18.232826;
0.003470;0.007467;0.003421;18.240210;
0.003962;0.007824;0.003411;18.247707;
0.003486;0.007410;0.003391;18.255566;
0.004060;0.007957;0.003352;18.263008;
0.003489;0.007238;0.003364;18.270994;
0.005004;0.008816;0.003360;18.278261;
0.003501;0.007407;0.003424;18.287107;
0.005066;0.008942;0.003445;18.294542;
0.003521;0.007434;0.003353;18.303513;
0.004527;0.008357;0.003375;18.310974;
0.003480;0.007324;0.003404;18.319361;
0.003496;0.008435;0.004441;18.326715;
0.003442;0.007353;0.003436;18.335178;
0.003449;0.008680;0.004368;18.342562;
0.003347;0.007226;0.003387;18.351273;
0.003444;0.008265;0.004316;18.358528;
0.003554;0.007354;0.003362;18.366819;
0.003581;0.007495;0.003469;18.374201;
0.004093;0.007914;0.003390;18.381731;
0.003531;0.007404;0.003388;18.389673;
0.003977;0.007817;0.003385;18.397108;
0.003502;0.007483;0.003444;18.404953;
0.003932;0.007798;0.003443;18.412464;
0.003480;0.007345;0.003468;18.420292;
0.004448;0.008317;0.003464;18.427666;
0.003487;0.007263;0.003372;18.436012;
0.003458;0.008331;0.004389;18.443302;
0.003494;0.007670;0.003491;18.451670;
0.003343;0.008157;0.004350;18.459377;
0.003468;0.007397;0.003462;18.467566;
0.003514;0.008438;0.004449;18.474997;
0.003479;0.007271;0.003377;18.483463;
0.003471;0.007375;0.003409;18.490772;
0.004011;0.007939;0.003382;18.498173;
0.003479;0.007849;0.003788;18.506140;
0.004040;0.007923;0.003391;18.514021;
0.003514;0.007357;0.003363;18.521971;
0.003990;0.007752;0.003352;18.529356;
0.003513;0.007391;0.003439;18.537136;
0.004504;0.008424;0.003408;18.544558;
0.003527;0.007316;0.003403;18.553011;
0.003487;0.008345;0.004344;18.560356;
0.003589;0.007386;0.003417;18.568729;
0.003470;0.008257;0.004299;18.576141;
0.003527;0.007458;0.003439;18.584427;
0.003516;0.008521;0.004499;18.591913;
0.003518;0.007455;0.003462;18.600462;
0.003496;0.007258;0.003365;18.607943;
0.004115;0.009874;0.005351;18.615231;
0.003544;0.008564;0.004417;18.625132;
0.003380;0.007260;0.003465;18.633726;
0.003594;0.007653;0.003375;18.641102;
0.003925;0.007712;0.003351;18.648787;
0.003548;0.007376;0.003371;18.656530;
0.004109;0.007922;0.003386;18.663937;
0.003487;0.007386;0.003397;18.671886;
0.004036;0.007875;0.003441;18.679300;
0.003476;0.007404;0.003468;18.687202;
0.003508;0.008381;0.004395;18.694635;
0.003478;0.007434;0.003463;18.703045;
0.003533;0.008348;0.004348;18.710508;
0.003498;0.007376;0.003421;18.718899;
0.003481;0.008209;0.004309;18.726301;
0.003482;0.007474;0.003488;18.734537;
0.003498;0.008423;0.004427;18.742043;
0.003492;0.007461;0.003398;18.750504;
0.003471;0.007287;0.003391;18.757992;
0.004084;0.008041;0.003445;18.765306;
0.003537;0.007387;0.003410;18.773376;
0.004026;0.008080;0.003466;18.780790;
0.003535;0.007454;0.003477;18.788897;
0.003735;0.007622;0.003470;18.796383;
0.003576;0.007446;0.003449;18.804031;
0.004192;0.008019;0.003326;18.811504;
0.003473;0.007307;0.003420;18.819563;
0.003482;0.008329;0.004381;18.826904;
0.003533;0.007484;0.003439;18.835262;
0.003351;0.008147;0.004300;18.842777;
0.003536;0.007404;0.003443;18.850952;
0.003470;0.007456;0.003448;18.858385;
0.004043;0.007879;0.003416;18.865868;
0.003472;0.007329;0.003432;18.873774;
0.004112;0.007941;0.003412;18.881132;
0.003460;0.007360;0.003452;18.889099;
0.003942;0.007877;0.003493;18.896496;
0.003468;0.007351;0.003397;18.904402;
0.003442;0.008232;0.004370;18.911783;
0.003548;0.007351;0.003401;18.920042;
0.003507;0.008369;0.004413;18.927423;
0.003485;0.007417;0.003491;18.935820;
0.003510;0.008352;0.004383;18.943264;
0.003478;0.007303;0.003381;18.951643;
0.003578;0.008533;0.004470;18.958973;
0.003522;0.007467;0.003439;18.967541;
0.003517;0.007312;0.003345;18.975035;
0.004068;0.007899;0.003366;18.982376;
0.003537;0.007369;0.003399;18.990303;
0.004051;0.007852;0.003370;18.997702;
0.003606;0.007451;0.003393;19.005590;
0.005023;0.009036;0.003397;19.013079;
0.003491;0.007442;0.003488;19.022144;
0.005068;0.008877;0.003343;19.029615;
0.003565;0.007416;0.003410;19.038521;
0.005190;0.009041;0.003395;19.045963;
0.003555;0.007398;0.003431;19.055033;
0.004443;0.008379;0.003392;19.062460;
0.003522;0.007373;0.003442;19.070868;
0.003438;0.008299;0.004375;19.078268;
0.003492;0.007363;0.003404;19.086603;
0.003450;0.008283;0.004379;19.094000;
0.003584;0.007434;0.003409;19.102310;
0.003443;0.008430;0.004375;19.109772;
0.003548;0.007324;0.003371;19.118229;
0.003481;0.007372;0.003350;19.125595;
0.003983;0.007823;0.003419;19.132996;
0.003495;0.007422;0.003388;19.140848;
0.004063;0.007935;0.003397;19.148296;
0.003456;0.007277;0.003355;19.156260;
0.003894;0.007820;0.003479;19.163574;
0.003534;0.007357;0.003382;19.171431;
0.003454;0.008253;0.004374;19.178814;
0.003549;0.007384;0.003401;19.187094;
0.003451;0.008292;0.004392;19.194510;
0.003467;0.007306;0.003404;19.202829;
0.003463;0.008281;0.004391;19.210163;
0.003498;0.007461;0.003381;19.218472;
0.003559;0.007497;0.003463;19.225964;
0.004003;0.007827;0.003376;19.233490;
0.003402;0.007280;0.003369;19.241348;
0.004037;0.007833;0.003385;19.248655;
0.003509;0.007407;0.003392;19.256529;
0.003687;0.007587;0.003439;19.263966;
0.003478;0.007329;0.003401;19.271593;
0.003442;0.008438;0.004581;19.278950;
0.003514;0.007345;0.003397;19.287416;
0.003469;0.008268;0.004350;19.294790;
0.003479;0.007389;0.003469;19.303083;
0.003483;0.008253;0.004322;19.310501;
0.003498;0.007386;0.003402;19.318783;
0.003570;0.008040;0.003412;19.326199;
0.003427;0.007314;0.003397;19.334272;
0.003437;0.007383;0.003379;19.341642;
0.003945;0.007849;0.003425;19.349068;
0.003576;0.007430;0.003402;19.356943;
0.004135;0.008075;0.003469;19.364401;
0.003554;0.007420;0.003438;19.372503;
0.005046;0.009032;0.003443;19.379951;
0.003545;0.007399;0.003437;19.389011;
0.004052;0.007951;0.003452;19.396437;
0.003516;0.007376;0.003411;19.404415;
0.003492;0.008379;0.004378;19.411819;
0.003501;0.007285;0.003391;19.420227;
0.003428;0.008238;0.004301;19.427542;
0.003584;0.007462;0.003438;19.435812;
0.003488;0.007378;0.003362;19.443302;
0.004085;0.008061;0.003479;19.450708;
0.003376;0.007264;0.003313;19.458801;
0.003955;0.007955;0.003523;19.466095;
0.003476;0.007366;0.003415;19.474077;
0.004104;0.008031;0.003476;19.481472;
0.003462;0.007362;0.003400;19.489538;
0.004986;0.008861;0.003448;19.496929;
0.003512;0.007392;0.003421;19.505819;
0.004530;0.008446;0.003432;19.513241;
0.003339;0.007236;0.003425;19.521713;
0.003519;0.008310;0.004371;19.529057;
0.003511;0.007333;0.003378;19.537392;
0.003479;0.008295;0.004392;19.544752;
0.003697;0.007828;0.003538;19.553076;
0.003509;0.008345;0.004361;19.560932;
0.003510;0.007428;0.003465;19.569305;
0.003518;0.008204;0.004161;19.576761;
0.003504;0.007445;0.003476;19.584993;
0.003578;0.007472;0.003344;19.592466;
0.003953;0.008024;0.003356;19.599972;
0.003507;0.007410;0.003379;19.608028;
0.003955;0.007820;0.003390;19.615465;
0.003516;0.007477;0.003454;19.623316;
0.005027;0.008892;0.003338;19.630823;
0.003506;0.007500;0.003428;19.639748;
0.005034;0.008950;0.003453;19.647278;
0.003534;0.007385;0.003426;19.656256;
0.005087;0.008889;0.003338;19.663679;
0.003523;0.007352;0.003435;19.672602;
0.004572;0.008503;0.003459;19.679985;
0.003491;0.007383;0.003429;19.688519;
0.003476;0.008333;0.004342;19.695932;
0.003484;0.007303;0.003382;19.704292;
0.003427;0.008350;0.004383;19.711639;
0.003617;0.007459;0.003393;19.720020;
0.003514;0.007986;0.003988;19.727510;
0.003495;0.007424;0.003451;19.735523;
0.003503;0.007430;0.003413;19.742975;
0.003989;0.007864;0.003468;19.750433;
0.003476;0.007517;0.003547;19.758324;
0.004023;0.008013;0.003435;19.765869;
0.003476;0.007585;0.003529;19.773909;
0.003959;0.007791;0.003385;19.781521;
0.003468;0.007335;0.003421;19.789351;
0.003442;0.008253;0.004369;19.796713;
0.003508;0.007355;0.003409;19.804995;
0.003487;0.008221;0.004324;19.812378;
0.003485;0.007348;0.003329;19.820633;
0.003521;0.008336;0.004348;19.828012;
0.003505;0.007428;0.003430;19.836376;
0.003474;0.007296;0.003382;19.843834;
0.004010;0.007965;0.003486;19.851158;
0.003507;0.007283;0.003364;19.859152;
0.004101;0.007912;0.003384;19.866463;
0.003523;0.007384;0.003351;19.874403;
0.003735;0.007738;0.003515;19.881815;
0.003577;0.007405;0.003383;19.889580;
0.004588;0.008390;0.003365;19.897013;
0.003533;0.007467;0.003489;19.905430;
0.003480;0.008254;0.004320;19.912924;
0.003552;0.007391;0.003435;19.921206;
0.003472;0.008360;0.004350;19.928635;
0.003565;0.007408;0.003412;19.937025;
0.003447;0.008412;0.004436;19.944458;
0.003446;0.007449;0.003427;19.952898;
0.003459;0.007218;0.003306;19.960377;
0.003967;0.008029;0.003536;19.967625;
0.003433;0.007270;0.003347;19.975689;
0.004070;0.008011;0.003431;19.982994;
0.003516;0.007534;0.003515;19.991032;
0.003766;0.007629;0.003424;19.998596;
0.003550;0.007338;0.003371;20.006252;
0.003443;0.008294;0.004405;20.013620;
0.003427;0.007317;0.003454;20.021944;
0.003481;0.008179;0.004282;20.029289;
0.003486;0.007383;0.003428;20.037495;
0.003454;0.008303;0.004380;20.044907;
0.003464;0.007291;0.003421;20.053236;
0.003460;0.007223;0.003367;20.060562;
0.004062;0.008225;0.003756;20.067810;
0.003564;0.007683;0.003471;20.076063;
0.003928;0.007717;0.003404;20.083775;
0.003473;0.007451;0.003415;20.091520;
0.003971;0.007833;0.003438;20.099003;
0.003469;0.007383;0.003363;20.106865;
0.004484;0.008294;0.003387;20.114275;
0.003489;0.007461;0.003475;20.122597;
0.003493;0.008214;0.004285;20.130087;
0.003468;0.007368;0.003418;20.138327;
0.003364;0.008210;0.004401;20.145807;
0.003517;0.007412;0.003427;20.154047;
0.003492;0.008537;0.004421;20.161486;
0.003453;0.007433;0.003515;20.170050;
0.003521;0.007353;0.003369;20.177509;
0.004003;0.007844;0.003386;20.184896;
0.003531;0.007366;0.003390;20.192766;
0.003973;0.007871;0.003396;20.200163;
0.003541;0.007386;0.003376;20.208111;
0.003881;0.007730;0.003413;20.215527;
0.003535;0.007358;0.003428;20.223284;
0.003501;0.008378;0.004313;20.230669;
0.003543;0.007369;0.003435;20.239075;
0.003442;0.008230;0.004359;20.246471;
0.003555;0.007354;0.003426;20.254730;
0.003447;0.008206;0.004326;20.262114;
0.003485;0.007251;0.003382;20.270348;
0.003460;0.007331;0.003373;20.277630;
0.004025;0.007835;0.003399;20.284996;
0.003468;0.007418;0.003436;20.292858;
0.004012;0.007869;0.003451;20.300304;
0.003465;0.007333;0.003415;20.308201;
0.004116;0.008074;0.003445;20.315571;
0.003496;0.007403;0.003424;20.323673;
0.004560;0.008426;0.003406;20.331114;
0.003466;0.007372;0.003405;20.339571;
0.003519;0.008297;0.004326;20.346973;
0.003468;0.007335;0.003419;20.355299;
0.003513;0.008308;0.004329;20.362659;
0.003486;0.007367;0.003413;20.370995;
0.003527;0.008456;0.004442;20.378389;
0.003474;0.007411;0.003461;20.386873;
0.003584;0.007346;0.003362;20.394312;
0.004067;0.007900;0.003402;20.401707;
0.003559;0.007434;0.003376;20.409637;
0.004078;0.008193;0.003402;20.417105;
0.003292;0.007164;0.003446;20.425329;
0.003986;0.007973;0.003507;20.432520;
0.003584;0.007493;0.003396;20.440523;
0.004544;0.008464;0.003461;20.448044;
0.003570;0.007434;0.003418;20.456537;
0.003454;0.008294;0.004363;20.463997;
0.003550;0.007405;0.003428;20.472319;
0.003430;0.008310;0.004367;20.479752;
0.003507;0.007458;0.003494;20.488091;
0.003535;0.007934;0.003927;20.495583;
0.003470;0.007304;0.003392;20.503544;
0.003478;0.007351;0.003448;20.510874;
0.004148;0.008012;0.003415;20.518253;
0.003461;0.007306;0.003376;20.526291;
0.004134;0.007958;0.003398;20.533649;
0.003441;0.007410;0.003415;20.541656;
0.005103;0.009019;0.003490;20.549099;
0.003542;0.007335;0.003348;20.558144;
0.004622;0.008594;0.003471;20.565508;
0.003474;0.007416;0.003483;20.574131;
0.004509;0.008392;0.003403;20.581575;
0.003542;0.007380;0.003373;20.589996;
0.003502;0.008212;0.004268;20.597403;
0.003475;0.007430;0.003481;20.605644;
0.003481;0.008423;0.004393;20.613104;
0.003521;0.007494;0.003409;20.621555;
0.003508;0.008754;0.004758;20.629084;
0.003536;0.007446;0.003419;20.637867;
0.003530;0.007475;0.003381;20.645342;
0.003882;0.007941;0.003506;20.652845;
0.003519;0.007345;0.003359;20.660828;
0.004051;0.007917;0.003438;20.668201;
0.003488;0.007316;0.003424;20.676147;
0.004140;0.007928;0.003366;20.683493;
0.003535;0.007471;0.003362;20.691450;
0.005060;0.009050;0.003362;20.699009;
0.003525;0.007362;0.003374;20.708088;
0.004019;0.007854;0.003375;20.715475;
0.003479;0.007274;0.003380;20.723358;
0.003443;0.008300;0.004338;20.730658;
0.003543;0.007401;0.003430;20.738987;
0.003451;0.008261;0.004320;20.746414;
0.003490;0.007313;0.003388;20.754721;
0.003477;0.007407;0.003441;20.762064;
0.004087;0.008163;0.003499;20.769501;
0.003504;0.007445;0.003440;20.777702;
0.003935;0.007840;0.003421;20.785179;
0.003513;0.007373;0.003354;20.793045;
0.004058;0.007966;0.003502;20.800446;
0.003530;0.007316;0.003361;20.808439;
0.005077;0.008908;0.003397;20.815783;
0.003530;0.007409;0.003429;20.824720;
0.004505;0.008384;0.003468;20.832157;
0.003536;0.007877;0.003891;20.840569;
0.003511;0.008340;0.004344;20.848475;
0.003461;0.007431;0.003539;20.856844;
0.003471;0.008367;0.004378;20.864302;
0.003427;0.007258;0.003335;20.872700;
0.003462;0.008361;0.004421;20.879984;
0.003443;0.007361;0.003382;20.888382;
0.003420;0.007312;0.003368;20.895777;
0.004035;0.007825;0.003378;20.903116;
0.003562;0.007419;0.003347;20.910969;
0.004097;0.007994;0.003505;20.918417;
0.003500;0.007356;0.003392;20.926437;
0.004055;0.008023;0.003503;20.933825;
0.003430;0.007366;0.003388;20.941879;
0.004699;0.008777;0.003445;20.949272;
0.003503;0.007446;0.003413;20.958088;
0.004231;0.008712;0.004014;20.965563;
0.003704;0.007678;0.003426;20.974302;
0.003477;0.008348;0.004377;20.982014;
0.003470;0.007333;0.003370;20.990391;
0.003429;0.008268;0.004318;20.997765;
0.003561;0.007587;0.003544;21.006073;
0.003476;0.008372;0.004383;21.013700;
0.003547;0.007444;0.003462;21.022112;
0.003532;0.008443;0.004341;21.029598;
0.003504;0.007436;0.003490;21.038073;
0.003503;0.007402;0.003388;21.045538;
0.004041;0.007960;0.003421;21.052971;
0.003570;0.007464;0.003399;21.060959;
0.003998;0.007828;0.003382;21.068449;
0.003528;0.007361;0.003399;21.076305;
0.004130;0.008070;0.003463;21.083693;
0.003477;0.007304;0.003393;21.091791;
0.004514;0.008433;0.003454;21.099123;
0.003537;0.007403;0.003392;21.107584;
0.003496;0.008300;0.004354;21.115023;
0.003578;0.007430;0.003402;21.123350;
0.003477;0.008254;0.004354;21.130808;
0.003536;0.007369;0.003403;21.139088;
0.003514;0.008319;0.004343;21.146484;
0.003553;0.007359;0.003404;21.154833;
0.003480;0.007277;0.003358;21.162218;
0.004110;0.007937;0.003432;21.169521;
0.003608;0.007556;0.003399;21.177486;
0.003968;0.007862;0.003393;21.185072;
0.003486;0.007390;0.003453;21.192961;
0.005067;0.008975;0.003524;21.200378;
0.003499;0.007567;0.003368;21.209381;
0.004486;0.008307;0.003402;21.216978;
0.003484;0.007645;0.003583;21.225313;
0.004622;0.008655;0.003516;21.232994;
0.003515;0.007656;0.003605;21.241678;
0.004376;0.008455;0.003422;21.249363;
0.003370;0.007308;0.003378;21.257858;
0.003515;0.008277;0.004305;21.265196;
0.003462;0.007334;0.003425;21.273499;
0.003477;0.008304;0.004392;21.280861;
0.003499;0.007364;0.003402;21.289192;
0.003592;0.007533;0.003369;21.296583;
0.003945;0.007836;0.003404;21.304144;
0.003528;0.007355;0.003407;21.312008;
0.004116;0.008000;0.003427;21.319389;
0.003550;0.007496;0.003418;21.327417;
0.003984;0.007951;0.003482;21.334944;
0.003476;0.007238;0.003350;21.342922;
0.005103;0.008960;0.003422;21.350191;
0.003498;0.007328;0.003439;21.359179;
0.004445;0.008271;0.003391;21.366533;
0.003607;0.007705;0.003584;21.374832;
0.003515;0.008350;0.004340;21.382565;
0.003588;0.007529;0.003483;21.390942;
0.003495;0.008292;0.004323;21.398500;
0.003456;0.007371;0.003498;21.406826;
0.003433;0.008292;0.004316;21.414227;
0.003569;0.007410;0.003415;21.422546;
0.003471;0.007419;0.003487;21.429987;
0.004102;0.007950;0.003452;21.437429;
0.003503;0.007373;0.003367;21.445410;
0.004116;0.007933;0.003378;21.452810;
0.003468;0.007273;0.003377;21.460772;
0.004159;0.008026;0.003385;21.468071;
0.003500;0.007345;0.003400;21.476124;
0.004548;0.008355;0.003383;21.483498;
0.003475;0.007351;0.003415;21.491880;
0.003554;0.008361;0.004329;21.499260;
0.003516;0.007549;0.003489;21.507664;
0.003483;0.008261;0.004325;21.515247;
0.003512;0.007392;0.003378;21.523537;
0.003474;0.008320;0.004357;21.530956;
0.003464;0.007271;0.003392;21.539305;
0.003489;0.007459;0.003377;21.546604;
0.003986;0.007792;0.003288;21.554092;
0.003407;0.007250;0.003382;21.561914;
0.003948;0.007777;0.003378;21.569191;
0.003548;0.007595;0.003537;21.577000;
0.004740;0.008678;0.003468;21.584627;
0.003482;0.007379;0.003388;21.593340;
0.005037;0.008874;0.003398;21.600746;
0.003467;0.007292;0.003359;21.609650;
0.004523;0.008768;0.003812;21.616972;
0.003599;0.007579;0.003448;21.625769;
0.003556;0.008382;0.004393;21.633375;
0.003575;0.007513;0.003447;21.641787;
0.003521;0.008354;0.004430;21.649328;
0.003465;0.007411;0.003410;21.657709;
0.003455;0.008242;0.004364;21.665150;
0.003569;0.007592;0.003427;21.673428;
0.003521;0.008090;0.004119;21.681059;
0.003519;0.007413;0.003401;21.689178;
0.003513;0.007400;0.003365;21.696627;
0.003911;0.007815;0.003440;21.704054;
0.003552;0.007383;0.003406;21.711897;
0.004097;0.007981;0.003412;21.719309;
0.003474;0.007325;0.003424;21.727318;
0.005159;0.009120;0.003385;21.734671;
0.003539;0.007385;0.003374;21.743818;
0.005125;0.009145;0.003442;21.751234;
0.003551;0.007401;0.003401;21.760408;
0.005039;0.009090;0.003439;21.767838;
0.003635;0.007504;0.003418;21.776957;
0.005120;0.009165;0.003536;21.784487;
0.003511;0.007395;0.003403;21.793690;
0.005050;0.009003;0.003481;21.801113;
0.003566;0.007414;0.003402;21.810146;
0.004469;0.008455;0.003450;21.817587;
0.003575;0.007481;0.003468;21.826073;
0.003505;0.008341;0.004294;21.833580;
0.003568;0.007394;0.003391;21.841951;
0.003427;0.008199;0.004349;21.849371;
0.003530;0.007436;0.003486;21.857597;
0.003492;0.008310;0.004332;21.865061;
0.003497;0.007499;0.003511;21.873400;
0.003514;0.007274;0.003359;21.880926;
0.004168;0.007979;0.003375;21.888229;
0.003536;0.007300;0.003355;21.896238;
0.004154;0.007952;0.003399;21.903568;
0.003486;0.007384;0.003375;21.911547;
0.004057;0.007962;0.003474;21.918959;
0.003520;0.007416;0.003389;21.926949;
0.004531;0.008366;0.003406;21.934393;
0.003517;0.007427;0.003431;21.942793;
0.003571;0.008354;0.004346;21.950251;
0.003520;0.007464;0.003415;21.958635;
0.003557;0.008292;0.004315;21.966125;
0.003506;0.007387;0.003404;21.974445;
0.003474;0.008401;0.004353;21.981861;
0.003469;0.007566;0.003536;21.990294;
0.003533;0.007514;0.003514;21.997889;
0.003983;0.007936;0.003508;22.005430;
0.003527;0.007437;0.003371;22.013391;
0.003934;0.007868;0.003455;22.020857;
0.003541;0.007399;0.003360;22.028772;
0.004051;0.007866;0.003362;22.036201;
0.003531;0.007368;0.003438;22.044094;
0.005109;0.008986;0.003389;22.051489;
0.003512;0.007407;0.003452;22.060505;
0.004495;0.008305;0.003380;22.067940;
0.003495;0.007454;0.003474;22.076273;
0.003476;0.008272;0.004348;22.083755;
0.003545;0.007364;0.003393;22.092056;
0.003456;0.008188;0.004285;22.099447;
0.003569;0.007466;0.003453;22.107664;
0.003434;0.008287;0.004405;22.115156;
0.003496;0.007508;0.003440;22.123470;
0.003417;0.007197;0.003306;22.131008;
0.004112;0.007966;0.003397;22.138235;
0.003469;0.007395;0.003383;22.146229;
0.004008;0.007889;0.003472;22.153656;
0.003458;0.007353;0.003357;22.161575;
0.004932;0.008884;0.003358;22.168959;
0.003393;0.007252;0.003393;22.177874;
0.004258;0.008134;0.003398;22.185156;
0.003476;0.007360;0.003408;22.193316;
0.003477;0.008322;0.004366;22.200712;
0.003461;0.007340;0.003444;22.209116;
0.003519;0.008322;0.004319;22.216486;
0.003490;0.007355;0.003429;22.224834;
0.003464;0.008247;0.004347;22.232218;
0.003484;0.007463;0.003394;22.240494;
0.003578;0.007738;0.003525;22.247984;
0.003960;0.007945;0.003403;22.255758;
0.003500;0.007532;0.003496;22.263754;
0.003928;0.007780;0.003403;22.271320;
0.003503;0.007466;0.003410;22.279129;
0.003897;0.007766;0.003398;22.286631;
0.003593;0.007383;0.003343;22.294422;
0.004021;0.007884;0.003430;22.301836;
0.003477;0.007333;0.003418;22.309765;
0.003462;0.008268;0.004371;22.317125;
0.003529;0.007558;0.003532;22.325422;
0.003449;0.008458;0.004519;22.333010;
0.003448;0.007303;0.003436;22.341496;
0.003493;0.008370;0.004419;22.348835;
0.003461;0.007230;0.003385;22.357246;
0.003522;0.007448;0.003385;22.364504;
0.003904;0.007738;0.003432;22.371981;
0.003423;0.007356;0.003425;22.379747;
0.003959;0.008045;0.003549;22.387131;
0.003457;0.007339;0.003387;22.395210;
0.005032;0.008916;0.003431;22.402578;
0.003473;0.007780;0.003877;22.411520;
0.005056;0.008974;0.003442;22.419329;
0.003502;0.007294;0.003371;22.428331;
0.005071;0.008951;0.003410;22.435654;
0.003494;0.007347;0.003444;22.444633;
0.004470;0.008330;0.003424;22.452009;
0.003537;0.007333;0.003423;22.460367;
0.003444;0.008268;0.004372;22.467735;
0.003525;0.007434;0.003459;22.476042;
0.003462;0.008333;0.004355;22.483503;
0.003453;0.007292;0.003392;22.491873;
0.003524;0.008839;0.004767;22.499191;
0.003572;0.007465;0.003445;22.508064;
0.003462;0.008299;0.004244;22.515556;
0.003656;0.007487;0.003418;22.523884;
0.003530;0.007470;0.003361;22.531399;
0.003951;0.007701;0.003361;22.538897;
0.003477;0.007395;0.003326;22.546625;
0.003928;0.007789;0.003456;22.554050;
0.003460;0.007397;0.003409;22.561869;
0.004986;0.008935;0.003474;22.569296;
0.003496;0.007410;0.003452;22.578260;
0.004909;0.008802;0.003500;22.585833;
0.003495;0.007451;0.003348;22.594671;
0.004499;0.008788;0.003542;22.602152;
0.003606;0.007469;0.003464;22.610970;
0.003501;0.008329;0.004380;22.618467;
0.003439;0.007469;0.003402;22.626823;
0.003470;0.008278;0.004341;22.634327;
0.003567;0.007609;0.003477;22.642632;
0.003480;0.008262;0.004321;22.650269;
0.003492;0.007523;0.003421;22.658560;
0.003510;0.008461;0.004510;22.666111;
0.003487;0.007420;0.003490;22.674599;
0.003541;0.007485;0.003369;22.682049;
0.003942;0.007901;0.003454;22.689560;
0.003579;0.007774;0.003611;22.697491;
0.003973;0.007962;0.003458;22.705292;
0.003521;0.007386;0.003359;22.713282;
0.003962;0.007952;0.003555;22.720707;
0.003489;0.007419;0.003431;22.728691;
0.005061;0.008968;0.003382;22.736145;
0.003540;0.007420;0.003436;22.745140;
0.004441;0.008289;0.003383;22.752588;
0.003504;0.007372;0.003462;22.760904;
0.003479;0.008532;0.004462;22.768303;
0.003421;0.007416;0.003441;22.776873;
0.003486;0.008292;0.004328;22.784321;
0.003519;0.007410;0.003451;22.792641;
0.003454;0.008301;0.004369;22.800079;
0.003525;0.007418;0.003445;22.808407;
0.003479;0.007467;0.003504;22.815855;
0.004014;0.007854;0.003378;22.823349;
0.003478;0.007360;0.003460;22.831230;
0.004128;0.007894;0.003381;22.838619;
0.003504;0.007452;0.003433;22.846542;
0.004008;0.007800;0.003372;22.854023;
0.003536;0.007402;0.003433;22.861851;
0.004575;0.008389;0.003365;22.869282;
0.003531;0.007475;0.003391;22.877703;
0.003471;0.008290;0.004410;22.885204;
0.003458;0.007370;0.003428;22.893524;
0.003450;0.008275;0.004397;22.900921;
0.003462;0.007310;0.003420;22.909225;
0.003535;0.008421;0.004421;22.916563;
0.003464;0.007348;0.003387;22.925013;
0.003501;0.007321;0.003406;22.932388;
0.004072;0.007946;0.003395;22.939737;
0.003453;0.007341;0.003433;22.947733;
0.004099;0.008023;0.003395;22.955112;
0.003612;0.007382;0.003390;22.963161;
0.004007;0.007890;0.003410;22.970572;
0.003530;0.007455;0.003479;22.978487;
0.003422;0.008270;0.004312;22.985973;
0.003524;0.007585;0.003445;22.994270;
0.003401;0.008357;0.004309;23.001884;
0.003496;0.007313;0.003421;23.010269;
0.003445;0.008345;0.004375;23.017612;
0.003400;0.007296;0.003390;23.025986;
0.003561;0.008443;0.004412;23.033316;
0.003485;0.007447;0.003430;23.041788;
0.003571;0.007468;0.003362;23.049263;
0.003971;0.007898;0.003508;23.056767;
0.003537;0.007321;0.003320;23.064707;
0.004096;0.008037;0.003367;23.072056;
0.003533;0.007497;0.003473;23.080122;
0.003721;0.007669;0.003539;23.087646;
0.003510;0.007364;0.003442;23.095343;
0.003475;0.008321;0.004347;23.102734;
0.003503;0.007409;0.003517;23.111082;
0.003432;0.008339;0.004415;23.118521;
0.003489;0.007343;0.003421;23.126888;
0.003474;0.008263;0.004333;23.134258;
0.003465;0.007276;0.003388;23.142548;
0.003476;0.007195;0.003333;23.149853;
0.004179;0.008058;0.003344;23.157076;
0.003459;0.007318;0.003438;23.165163;
0.004105;0.008017;0.003471;23.172510;
0.003464;0.007422;0.003422;23.180555;
0.003926;0.007681;0.003359;23.188005;
0.003463;0.007301;0.003386;23.195717;
0.004182;0.008597;0.003919;23.203047;
0.003520;0.007454;0.003399;23.211679;
0.003480;0.008331;0.004447;23.219168;
0.003480;0.007377;0.003396;23.227528;
0.003526;0.008337;0.004353;23.234934;
0.003517;0.007390;0.003409;23.243296;
0.003496;0.008333;0.004351;23.250750;
0.003533;0.007490;0.003410;23.259115;
0.003465;0.007436;0.003374;23.266632;
0.003942;0.008088;0.003460;23.274096;
0.003283;0.007205;0.003485;23.282217;
0.004101;0.007931;0.003412;23.289450;
0.003626;0.007511;0.003401;23.297409;
0.005978;0.009916;0.003440;23.304947;
0.003497;0.007385;0.003408;23.314892;
0.004030;0.007866;0.003364;23.322306;
0.003585;0.007339;0.003335;23.330196;
0.005099;0.008955;0.003417;23.337564;
0.003527;0.007433;0.003465;23.346546;
0.004971;0.008964;0.003455;23.354008;
0.003498;0.007319;0.003352;23.363003;
0.004469;0.008484;0.003457;23.370352;
0.003515;0.007442;0.003407;23.378862;
0.003463;0.008322;0.004343;23.386333;
0.003510;0.007354;0.003405;23.394682;
0.003520;0.008380;0.004350;23.402067;
0.003522;0.007451;0.003382;23.410475;
0.003492;0.008387;0.004405;23.417953;
0.003507;0.007393;0.003385;23.426369;
0.003374;0.007423;0.003439;23.433807;
0.004015;0.007833;0.003404;23.441261;
0.003478;0.007274;0.003350;23.449123;
0.004219;0.008094;0.003456;23.456425;
0.003552;0.007460;0.003376;23.464546;
0.003944;0.007721;0.003330;23.472036;
0.003567;0.007445;0.003361;23.479795;
0.004572;0.008458;0.003425;23.487270;
0.003471;0.007418;0.003427;23.495756;
0.003500;0.008202;0.004309;23.503206;
0.003481;0.007319;0.003391;23.511436;
0.003428;0.008254;0.004388;23.518789;
0.003520;0.007419;0.003460;23.527075;
0.003513;0.008049;0.004081;23.534521;
0.003464;0.007392;0.003414;23.542601;
0.003619;0.007388;0.003356;23.550020;
0.004072;0.007900;0.003383;23.557436;
0.003590;0.007495;0.003362;23.565361;
0.003924;0.007772;0.003427;23.572889;
0.003486;0.007387;0.003377;23.580692;
0.005094;0.008990;0.003435;23.588125;
0.003549;0.007516;0.003533;23.597143;
0.005072;0.008931;0.003379;23.604687;
0.003531;0.007459;0.003421;23.613646;
0.005068;0.009065;0.003472;23.621134;
0.003525;0.007324;0.003388;23.630224;
0.004644;0.008674;0.003544;23.637577;
0.003604;0.007469;0.003421;23.646278;
0.003435;0.008431;0.004436;23.653774;
0.003553;0.007414;0.003460;23.662243;
0.003615;0.008438;0.004318;23.669683;
0.003542;0.007343;0.003378;23.678150;
0.003435;0.008294;0.004385;23.685520;
0.003520;0.007399;0.003397;23.693861;
0.003585;0.008650;0.004493;23.701290;
0.003556;0.007486;0.003483;23.709967;
0.003572;0.007500;0.003428;23.717485;
0.004081;0.007882;0.003384;23.725014;
0.003492;0.007392;0.003387;23.732922;
0.004047;0.007847;0.003371;23.740343;
0.003492;0.007423;0.003507;23.748220;
0.004129;0.007904;0.003374;23.755674;
0.003509;0.007359;0.003369;23.763607;
0.004499;0.008430;0.003430;23.770994;
0.003549;0.007455;0.003397;23.779455;
0.003476;0.008329;0.004455;23.786943;
0.003563;0.007419;0.003416;23.795305;
0.003461;0.008376;0.004356;23.802759;
0.003497;0.007483;0.003456;23.811165;
0.003520;0.008476;0.004320;23.818680;
0.003471;0.007530;0.003525;23.827187;
0.003500;0.008086;0.004107;23.834745;
0.003494;0.007352;0.003395;23.842863;
0.003521;0.007328;0.003409;23.850243;
0.004130;0.008045;0.003459;23.857595;
0.003464;0.007269;0.003358;23.865763;
0.004051;0.007912;0.003435;23.873062;
0.003557;0.007340;0.003359;23.881002;
0.005050;0.008900;0.003403;23.888371;
0.003476;0.007303;0.003409;23.897297;
0.004451;0.008314;0.003395;23.904627;
0.003490;0.007305;0.003392;23.912968;
0.003476;0.008178;0.004247;23.920301;
0.003500;0.007469;0.003489;23.928511;
0.003477;0.008292;0.004364;23.936008;
0.003535;0.007342;0.003397;23.944328;
0.003499;0.008373;0.004433;23.951698;
0.003514;0.007282;0.003388;23.960100;
0.003511;0.007248;0.003363;23.967411;
0.004090;0.007946;0.003452;23.974688;
0.003499;0.007692;0.003812;23.982662;
0.004104;0.007935;0.003380;23.990389;
0.003505;0.007315;0.003342;23.998354;
0.004544;0.008400;0.003391;24.005697;
0.003620;0.007549;0.003459;24.014126;
0.004306;0.008359;0.003403;24.021702;
0.003441;0.007329;0.003421;24.030094;
0.003440;0.008324;0.004395;24.037453;
0.003527;0.007520;0.003514;24.045805;
0.003490;0.008312;0.004350;24.053364;
0.003537;0.007421;0.003384;24.061703;
0.003469;0.008277;0.004379;24.069151;
0.003593;0.007505;0.003446;24.077457;
0.003477;0.007351;0.003449;24.084990;
0.004125;0.007978;0.003430;24.092369;
0.003555;0.007331;0.003360;24.100374;
0.004100;0.007890;0.003419;24.107746;
0.003460;0.007383;0.003390;24.115665;
0.003996;0.007916;0.003451;24.123077;
0.003512;0.007383;0.003413;24.131021;
0.004542;0.008555;0.003529;24.138430;
0.003454;0.007380;0.003478;24.147015;
0.003490;0.008265;0.004364;24.154421;
0.003481;0.007352;0.003423;24.162716;
0.003503;0.008379;0.004422;24.170095;
0.003464;0.007253;0.003402;24.178501;
0.003679;0.008568;0.004442;24.185781;
0.003472;0.007324;0.003409;24.194378;
0.003495;0.007346;0.003346;24.201731;
0.003946;0.007993;0.003427;24.209105;
0.003544;0.007436;0.003361;24.217131;
0.003992;0.007910;0.003461;24.224594;
0.003561;0.007517;0.003510;24.232531;
0.004124;0.008059;0.003404;24.240076;
0.003515;0.007425;0.003423;24.248163;
0.005078;0.009189;0.003475;24.255621;
0.003436;0.007303;0.003380;24.264879;
0.005048;0.008924;0.003405;24.272224;
0.003523;0.007428;0.003506;24.281176;
0.004476;0.008376;0.003383;24.288633;
0.003570;0.007414;0.003356;24.297037;
0.003440;0.008268;0.004352;24.304480;
0.003523;0.007416;0.003454;24.312773;
0.003462;0.008319;0.004369;24.320215;
0.003662;0.007497;0.003384;24.328564;
0.003463;0.008363;0.004418;24.336090;
0.003532;0.007425;0.003445;24.344481;
0.003444;0.007584;0.003412;24.351936;
0.003775;0.007707;0.003423;24.359549;
0.003511;0.007365;0.003427;24.367283;
0.004113;0.008085;0.003552;24.374676;
0.003458;0.007286;0.003369;24.382788;
0.003845;0.007798;0.003483;24.390108;
0.003483;0.007420;0.003408;24.397932;
0.004504;0.008291;0.003392;24.405380;
0.003541;0.007369;0.003389;24.413700;
0.003513;0.008364;0.004372;24.421095;
0.003481;0.007419;0.003434;24.429493;
0.003512;0.008330;0.004374;24.436939;
0.003490;0.007518;0.003500;24.445297;
0.003496;0.008018;0.004093;24.452843;
0.003468;0.007348;0.003437;24.460894;
0.003643;0.007527;0.003392;24.468269;
0.004103;0.008010;0.003376;24.475845;
0.003507;0.007402;0.003368;24.483891;
0.003942;0.007860;0.003364;24.491325;
0.003521;0.007351;0.003412;24.499212;
0.004498;0.008481;0.003458;24.506599;
0.003492;0.007361;0.003430;24.515108;
0.004460;0.008375;0.003443;24.522495;
0.003541;0.007409;0.003438;24.530901;
0.003503;0.008314;0.004315;24.538343;
0.003543;0.007450;0.003421;24.546688;
0.003480;0.008302;0.004343;24.554165;
0.003552;0.007419;0.003383;24.562494;
0.003463;0.008353;0.004337;24.569942;
0.003504;0.007476;0.003542;24.578323;
0.003544;0.007461;0.003459;24.585838;
0.004088;0.007882;0.003358;24.593327;
0.003460;0.007353;0.003365;24.601238;
0.003993;0.007878;0.003474;24.608618;
0.003488;0.007351;0.003350;24.616524;
0.003739;0.007819;0.003561;24.623907;
0.003493;0.007455;0.003384;24.631821;
0.004504;0.008410;0.003474;24.639307;
0.003454;0.007380;0.003424;24.647743;
0.003434;0.008335;0.004403;24.655161;
0.003469;0.007385;0.003416;24.663532;
0.003341;0.008284;0.004299;24.670950;
0.003456;0.007562;0.003506;24.679268;
0.003436;0.008234;0.004329;24.686865;
0.003454;0.007328;0.003377;24.695131;
0.003605;0.007463;0.003320;24.702492;
0.003998;0.007986;0.003429;24.709984;
0.003442;0.007486;0.003380;24.717997;
0.003791;0.007766;0.003530;24.725512;
0.003490;0.007341;0.003419;24.733305;
0.003806;0.007640;0.003441;24.740675;
0.003528;0.007425;0.003449;24.748343;
0.003489;0.008480;0.004563;24.755800;
0.003507;0.007453;0.003407;24.764309;
0.003511;0.008432;0.004418;24.771797;
0.003450;0.007327;0.003420;24.780296;
0.003479;0.008302;0.004357;24.787655;
0.003442;0.007314;0.003399;24.795990;
0.003507;0.008379;0.004398;24.803333;
0.003484;0.007391;0.003405;24.811739;
0.003466;0.007296;0.003429;24.819160;
0.004103;0.008013;0.003436;24.826485;
0.003531;0.007464;0.003451;24.834526;
0.003983;0.007890;0.003430;24.842016;
0.003566;0.007354;0.003394;24.849936;
0.004042;0.007926;0.003451;24.857315;
0.003506;0.007309;0.003405;24.865271;
0.003508;0.008298;0.004331;24.872604;
0.003601;0.007487;0.003510;24.880936;
0.003473;0.008202;0.004350;24.888451;
0.003614;0.007667;0.003405;24.896677;
0.003347;0.008169;0.004321;24.904375;
0.003605;0.007521;0.003406;24.912577;
0.003524;0.008396;0.004410;24.920128;
0.003554;0.007454;0.003455;24.928551;
0.003486;0.007280;0.003365;24.936031;
0.004118;0.007990;0.003466;24.943340;
0.003481;0.007356;0.003374;24.951357;
0.004093;0.007972;0.003445;24.958740;
0.003513;0.007419;0.003398;24.966740;
0.004516;0.008432;0.003495;24.974188;
0.003467;0.007371;0.003422;24.982649;
0.004682;0.008626;0.003474;24.990049;
0.003532;0.007424;0.003372;24.998701;
0.003495;0.008271;0.004339;25.006153;
0.003503;0.007342;0.003391;25.014454;
0.003501;0.008337;0.004353;25.021832;
0.003539;0.007430;0.003420;25.030201;
0.003477;0.008398;0.004423;25.037659;
0.003459;0.007480;0.003543;25.046085;
0.003598;0.008212;0.004139;25.053591;
0.003501;0.007438;0.003480;25.061832;
0.003503;0.007479;0.003454;25.069304;
0.003971;0.007890;0.003423;25.076811;
0.003585;0.007443;0.003392;25.084728;
0.004039;0.007919;0.003401;25.092201;
0.003512;0.007392;0.003409;25.100147;
0.005074;0.008965;0.003423;25.107569;
0.003578;0.007383;0.003384;25.116562;
0.005028;0.009174;0.003433;25.123972;
0.003641;0.007653;0.003524;25.133175;
0.005052;0.008960;0.003420;25.140856;
0.003485;0.007360;0.003421;25.149845;
0.005038;0.009065;0.003560;25.157240;
0.003527;0.007433;0.003501;25.166334;
0.003977;0.007887;0.003434;25.173796;
0.003518;0.007383;0.003437;25.181711;
0.003436;0.008236;0.004363;25.189121;
0.003507;0.007334;0.003380;25.197388;
0.003445;0.008206;0.004313;25.204748;
0.003579;0.007384;0.003375;25.212982;
0.003565;0.007478;0.003401;25.220392;
0.004037;0.007917;0.003423;25.227917;
0.003464;0.007366;0.003408;25.235861;
0.004131;0.008064;0.003387;25.243256;
0.003518;0.007321;0.003375;25.251348;
0.004081;0.007923;0.003424;25.258698;
0.003505;0.007481;0.003454;25.266647;
0.005044;0.008939;0.003382;25.274158;
0.003525;0.007374;0.003393;25.283127;
0.004588;0.008487;0.003380;25.290531;
0.003452;0.007370;0.003394;25.299047;
0.003487;0.008257;0.004336;25.306446;
0.003548;0.007334;0.003348;25.314732;
0.003519;0.008312;0.004347;25.322094;
0.003480;0.007322;0.003380;25.330437;
0.003521;0.008759;0.004814;25.337786;
0.003437;0.007409;0.003444;25.346575;
0.003529;0.007406;0.003363;25.354012;
0.003997;0.007997;0.003510;25.361448;
0.003621;0.007478;0.003375;25.369473;
0.003962;0.007940;0.003504;25.376978;
0.003461;0.007390;0.003406;25.384949;
0.004042;0.007885;0.003375;25.392372;
0.003584;0.007355;0.003368;25.400286;
0.004308;0.008138;0.003398;25.407669;
0.003471;0.007318;0.003419;25.415836;
0.003434;0.008248;0.004393;25.423183;
0.003578;0.007495;0.003448;25.431459;
0.003432;0.008314;0.004401;25.438990;
0.003468;0.007435;0.003520;25.447330;
0.003590;0.008434;0.004395;25.454798;
0.003524;0.007404;0.003427;25.463261;
0.003489;0.007377;0.003407;25.470692;
0.004121;0.008065;0.003445;25.478098;
0.003533;0.007339;0.003392;25.486189;
0.004050;0.008022;0.003572;25.493557;
0.003539;0.007282;0.003357;25.501606;
0.004047;0.007910;0.003410;25.508924;
0.003462;0.007268;0.003380;25.516870;
0.004515;0.008307;0.003394;25.524166;
0.003473;0.007289;0.003435;25.532501;
0.003428;0.008204;0.004323;25.539818;
0.003448;0.007645;0.003795;25.548058;
0.003437;0.008377;0.004398;25.555733;
0.003580;0.007356;0.003334;25.564137;
0.003547;0.008857;0.004855;25.571520;
0.003511;0.007357;0.003400;25.580406;
0.003555;0.007488;0.003385;25.587791;
0.003986;0.007867;0.003402;25.595308;
0.003529;0.007335;0.003369;25.603203;
0.004108;0.007939;0.003419;25.610565;
0.003530;0.007424;0.003358;25.618532;
0.003975;0.007783;0.003382;25.625992;
0.003522;0.007374;0.003373;25.633812;
0.004510;0.008402;0.003483;25.641212;
0.005182;0.009082;0.003427;25.649643;
0.005057;0.008997;0.003489;25.658754;
0.003490;0.007424;0.003466;25.667782;
0.005046;0.008992;0.003458;25.675236;
0.003487;0.007661;0.003561;25.684258;
0.004155;0.008047;0.003332;25.691967;
0.003423;0.007401;0.003485;25.700050;
0.003487;0.008235;0.004295;25.707483;
0.003519;0.007479;0.003451;25.715748;
0.003502;0.008346;0.004365;25.723255;
0.003448;0.007527;0.003431;25.731688;
0.003442;0.008192;0.004324;25.739243;
0.003479;0.007367;0.003405;25.747463;
0.003522;0.008098;0.004132;25.754864;
0.003489;0.007297;0.003377;25.762991;
0.003517;0.007483;0.003372;25.770319;
0.003949;0.008117;0.003483;25.777834;
0.003348;0.007182;0.003314;25.785982;
0.003974;0.007886;0.003407;25.793192;
0.003506;0.007309;0.003357;25.801107;
0.004611;0.008518;0.003391;25.808445;
0.003587;0.007416;0.003427;25.816992;
0.003497;0.008290;0.004342;25.824436;
0.003560;0.007362;0.003352;25.832752;
0.003430;0.008278;0.004315;25.840141;
0.003583;0.007413;0.003416;25.848454;
0.003469;0.008293;0.004342;25.855900;
0.003488;0.007275;0.003382;25.864227;
0.003486;0.007489;0.003395;25.871529;
0.004049;0.007911;0.003414;25.879045;
0.003443;0.007399;0.003422;25.886984;
0.004060;0.007857;0.003374;25.894411;
0.003498;0.007551;0.003416;25.902294;
0.003953;0.007795;0.003440;25.909876;
0.003492;0.007395;0.003398;25.917698;
0.004468;0.008324;0.003393;25.925121;
0.003542;0.007458;0.003448;25.933474;
0.003450;0.008174;0.004295;25.940968;
0.003512;0.007362;0.003381;25.949177;
0.003502;0.008276;0.004347;25.956566;
0.003553;0.007472;0.003409;25.964872;
0.003501;0.008088;0.004156;25.972370;
0.003482;0.007357;0.003436;25.980490;
0.003612;0.007379;0.003375;25.987877;
0.004113;0.007996;0.003369;25.995285;
0.003476;0.007241;0.003388;26.003311;
0.004155;0.008050;0.003390;26.010580;
0.003568;0.007440;0.003394;26.018658;
0.004480;0.008393;0.003424;26.026131;
0.003530;0.007436;0.003394;26.034552;
0.004507;0.008500;0.003530;26.042013;
0.003564;0.007429;0.003443;26.050541;
0.003448;0.008301;0.004389;26.057997;
0.003547;0.007530;0.003543;26.066324;
0.003485;0.008422;0.004339;26.073885;
0.003551;0.007377;0.003367;26.082335;
0.003409;0.008220;0.004289;26.089748;
0.003483;0.007392;0.003481;26.098001;
0.003465;0.007309;0.003403;26.105421;
0.004075;0.008017;0.003495;26.112759;
0.003470;0.007300;0.003355;26.120804;
0.004095;0.008091;0.003553;26.128138;
0.003501;0.007416;0.003373;26.136259;
0.003978;0.007827;0.003396;26.143705;
0.003499;0.007279;0.003309;26.151558;
0.004522;0.008413;0.003394;26.158865;
0.003514;0.007551;0.003476;26.167305;
0.003519;0.008355;0.004333;26.174889;
0.003510;0.007428;0.003453;26.183271;
0.003494;0.008392;0.004389;26.190727;
0.003461;0.007387;0.003459;26.199146;
0.003510;0.008288;0.004326;26.206575;
0.003467;0.007353;0.003382;26.214912;
0.003539;0.007338;0.003409;26.222298;
0.004125;0.007952;0.003364;26.229664;
0.003544;0.007445;0.003415;26.237642;
0.004005;0.007811;0.003371;26.245115;
0.003500;0.007435;0.003389;26.252954;
0.003925;0.007920;0.003586;26.260416;
0.003517;0.007512;0.003530;26.268366;
0.003980;0.007937;0.003530;26.275906;
0.003476;0.007343;0.003441;26.283873;
0.003508;0.008313;0.004389;26.291248;
0.003477;0.007321;0.003385;26.299591;
0.003435;0.008284;0.004338;26.306944;
0.003500;0.007387;0.003450;26.315264;
0.003508;0.008961;0.005000;26.322678;
0.003459;0.007360;0.003437;26.331671;
0.003551;0.007265;0.003339;26.339058;
0.004081;0.008026;0.003499;26.346352;
0.003506;0.007343;0.003374;26.354404;
0.004066;0.007871;0.003393;26.361776;
0.003577;0.007398;0.003347;26.369677;
0.003737;0.007704;0.003443;26.377102;
0.003519;0.007525;0.003428;26.384838;
0.004535;0.008431;0.003439;26.392393;
0.003527;0.007358;0.003397;26.400854;
0.003486;0.008415;0.004444;26.408241;
0.003525;0.007323;0.003360;26.416683;
0.003436;0.008282;0.004332;26.424032;
0.003501;0.007434;0.003488;26.432343;
0.003527;0.008743;0.004745;26.439804;
0.003618;0.007442;0.003373;26.448574;
0.003551;0.007345;0.003385;26.456043;
0.004151;0.007967;0.003388;26.463415;
0.003478;0.007295;0.003394;26.471409;
0.004122;0.008029;0.003493;26.478731;
0.003530;0.007430;0.003397;26.486786;
0.004033;0.007873;0.003381;26.494244;
0.003576;0.007470;0.003425;26.502144;
0.005183;0.009071;0.003424;26.509644;
0.003524;0.007446;0.003420;26.518740;
0.004530;0.008353;0.003412;26.526217;
0.003489;0.007311;0.003393;26.534595;
0.003538;0.008411;0.004418;26.541943;
0.003581;0.007488;0.003428;26.550383;
0.003531;0.008298;0.004274;26.557898;
0.003492;0.007344;0.003430;26.566223;
0.003500;0.008278;0.004322;26.573597;
0.003472;0.007439;0.003385;26.581903;
0.003551;0.007453;0.003468;26.589367;
0.004056;0.007874;0.003390;26.596882;
0.003582;0.007474;0.003362;26.604790;
0.003951;0.007872;0.003466;26.612291;
0.003607;0.007573;0.003454;26.620193;
0.003954;0.007902;0.003505;26.627792;
0.003566;0.007434;0.003396;26.635721;
0.004432;0.008368;0.003449;26.643185;
0.003562;0.007474;0.003414;26.651581;
0.003461;0.008354;0.004420;26.659081;
0.003541;0.007460;0.003462;26.667463;
0.003413;0.008313;0.004313;26.674955;
0.003466;0.007350;0.003468;26.683298;
0.003478;0.008282;0.004347;26.690676;
0.003564;0.007688;0.003610;26.698996;
0.003499;0.007359;0.003430;26.706715;
0.004093;0.008004;0.003397;26.714102;
0.003453;0.007398;0.003436;26.722134;
0.004059;0.007892;0.003440;26.729561;
0.003560;0.007440;0.003373;26.737480;
0.004019;0.008009;0.003420;26.744951;
0.003529;0.007537;0.003519;26.752998;
0.005038;0.008884;0.003410;26.760565;
0.003490;0.007514;0.003421;26.769476;
0.005031;0.008961;0.003457;26.777020;
0.003519;0.007404;0.003420;26.786009;
0.004501;0.008282;0.003376;26.793440;
0.003624;0.007436;0.003388;26.801750;
0.003459;0.008230;0.004336;26.809214;
0.003485;0.007385;0.003418;26.817471;
0.003464;0.008279;0.004319;26.824892;
0.003485;0.007473;0.003521;26.833199;
0.003527;0.008039;0.004086;26.840696;
0.003520;0.007524;0.003517;26.848766;
0.003550;0.007537;0.003473;26.856318;
0.004020;0.007903;0.003373;26.863886;
0.003732;0.007677;0.003421;26.871819;
0.003952;0.007953;0.003443;26.879522;
0.003559;0.007402;0.003417;26.887508;
0.004035;0.007840;0.003379;26.894957;
0.003545;0.007356;0.003339;26.902842;
0.004498;0.008389;0.003415;26.910225;
0.003511;0.007280;0.003375;26.918644;
0.003424;0.008323;0.004364;26.925962;
0.003504;0.007375;0.003456;26.934313;
0.003461;0.008289;0.004341;26.941715;
0.003494;0.007356;0.003442;26.950031;
0.003493;0.008407;0.004433;26.957417;
0.003563;0.007422;0.003407;26.965849;
0.003478;0.007410;0.003418;26.973303;
0.004059;0.007872;0.003420;26.980745;
0.003498;0.007480;0.003418;26.988644;
0.004004;0.007867;0.003421;26.996151;
0.003450;0.007318;0.003410;27.004049;
0.004061;0.008037;0.003537;27.011398;
0.003465;0.007347;0.003445;27.019464;
0.004116;0.008583;0.004025;27.026838;
0.003527;0.007302;0.003359;27.035450;
0.003462;0.008236;0.004314;27.042780;
0.003464;0.007435;0.003559;27.051044;
0.003410;0.008297;0.004347;27.058508;
0.003485;0.007366;0.003441;27.066833;
0.003469;0.008261;0.004400;27.074228;
0.003455;0.007413;0.003394;27.082518;
0.003445;0.007338;0.003344;27.089966;
0.003905;0.007691;0.003389;27.097332;
0.003514;0.007416;0.003368;27.105053;
0.003936;0.007937;0.003509;27.112501;
0.003457;0.007290;0.003467;27.120466;
0.005065;0.009457;0.003872;27.127785;
0.003530;0.007345;0.003379;27.137268;
0.005064;0.008841;0.003386;27.144642;
0.003474;0.007345;0.003429;27.153511;
0.005068;0.008873;0.003325;27.160887;
0.003581;0.007459;0.003385;27.169786;
0.004535;0.008286;0.003362;27.177273;
0.003469;0.007329;0.003386;27.185585;
0.003558;0.008408;0.004333;27.192944;
0.003479;0.007359;0.003396;27.201378;
0.003528;0.008363;0.004369;27.208765;
0.003469;0.007329;0.003414;27.217155;
0.003539;0.008295;0.004344;27.224512;
0.003489;0.007434;0.003460;27.232836;
0.003549;0.007318;0.003398;27.240297;
0.004068;0.008008;0.003467;27.247644;
0.003534;0.007632;0.003386;27.255680;
0.003779;0.007686;0.003400;27.263340;
0.003515;0.007422;0.003409;27.271051;
0.005061;0.009020;0.003470;27.278505;
0.003483;0.007291;0.003363;27.287554;
0.005011;0.008919;0.003406;27.294891;
0.003552;0.007482;0.003423;27.303850;
0.005034;0.009033;0.003438;27.311363;
0.003504;0.007415;0.003505;27.320427;
0.005116;0.008963;0.003401;27.327869;
0.003472;0.007346;0.003412;27.336864;
0.004525;0.008522;0.003536;27.344248;
0.003516;0.007418;0.003370;27.352797;
0.003430;0.008221;0.004326;27.360243;
0.003540;0.007403;0.003397;27.368492;
0.003424;0.008273;0.004327;27.375927;
0.003504;0.007309;0.003402;27.384230;
0.003473;0.008304;0.004371;27.391567;
0.003523;0.007414;0.003467;27.399904;
0.003503;0.007434;0.003485;27.407347;
0.004114;0.008182;0.003471;27.414808;
0.003466;0.007356;0.003378;27.423016;
0.004056;0.008027;0.003542;27.430405;
0.003451;0.007441;0.003447;27.438459;
0.003963;0.007810;0.003431;27.445929;
0.003438;0.007306;0.003397;27.453768;
0.004513;0.008375;0.003462;27.461102;
0.003512;0.007398;0.003434;27.469503;
0.003522;0.008398;0.004405;27.476929;
0.003488;0.007391;0.003427;27.485361;
0.003474;0.008218;0.004286;27.492781;
0.003460;0.007292;0.003352;27.501026;
0.003599;0.009040;0.004867;27.508345;
0.003489;0.007360;0.003431;27.517414;
0.003582;0.007433;0.003374;27.524803;
0.004057;0.007973;0.003410;27.532267;
0.003478;0.007256;0.003381;27.540268;
0.004108;0.007910;0.003317;27.547552;
0.003559;0.007289;0.003341;27.555492;
0.004079;0.007985;0.003414;27.562811;
0.003610;0.007498;0.003470;27.570824;
0.005046;0.008983;0.003442;27.578348;
0.003524;0.007364;0.003435;27.587358;
0.004537;0.008484;0.003379;27.594749;
0.003452;0.007245;0.003328;27.603262;
0.003446;0.008265;0.004348;27.610537;
0.003521;0.007348;0.003439;27.618832;
0.003446;0.008326;0.004360;27.626207;
0.003557;0.007485;0.003398;27.634565;
0.003496;0.008264;0.004340;27.642078;
0.003508;0.007575;0.003458;27.650370;
0.003462;0.007446;0.003324;27.658003;
0.003893;0.007805;0.003395;27.665480;
0.003461;0.007331;0.003374;27.673315;
0.004056;0.007923;0.003454;27.680677;
0.003479;0.007377;0.003380;27.688631;
0.003971;0.007857;0.003360;27.696037;
0.003544;0.007425;0.003394;27.703920;
0.003519;0.008475;0.004408;27.711374;
0.003437;0.007386;0.003389;27.719877;
0.003529;0.008307;0.004330;27.727301;
0.003511;0.007362;0.003377;27.735636;
0.003442;0.008274;0.004322;27.743036;
0.003530;0.007567;0.003522;27.751339;
0.003507;0.008477;0.004465;27.758934;
0.003552;0.007452;0.003430;27.767439;
0.003522;0.007483;0.003328;27.774923;
0.003915;0.007727;0.003335;27.782438;
0.003505;0.007330;0.003365;27.790194;
0.004034;0.007917;0.003468;27.797552;
0.003464;0.007313;0.003421;27.805496;
0.004641;0.008597;0.003493;27.812841;
0.003437;0.007229;0.003397;27.821466;
0.004305;0.008212;0.003455;27.828724;
0.003470;0.007291;0.003370;27.836971;
0.003491;0.008308;0.004377;27.844303;
0.003570;0.007470;0.003410;27.852636;
0.003466;0.008298;0.004312;27.860136;
0.003515;0.007454;0.003473;27.868462;
0.003477;0.008407;0.004442;27.875952;
0.003512;0.007578;0.003518;27.884384;
0.003345;0.007502;0.003738;27.892000;
0.004121;0.007946;0.003396;27.899551;
0.003544;0.007351;0.003372;27.907524;
0.004165;0.008047;0.003406;27.914909;
0.003516;0.007311;0.003363;27.922985;
0.004087;0.007867;0.003410;27.930323;
0.003589;0.007320;0.003390;27.938217;
0.004512;0.008424;0.003408;27.945564;
0.003466;0.007391;0.003452;27.954027;
0.003482;0.008386;0.004323;27.961445;
0.003438;0.007342;0.003424;27.969860;
0.003444;0.008293;0.004355;27.977228;
0.003518;0.007333;0.003418;27.985552;
0.005432;0.010210;0.004294;27.992918;
0.003522;0.007405;0.003468;28.003157;
0.003458;0.008220;0.004295;28.010588;
0.003554;0.007353;0.003366;28.018837;
0.003429;0.008295;0.004373;28.026218;
0.003507;0.007389;0.003475;28.034540;
0.003515;0.007491;0.003400;28.041960;
0.004026;0.008034;0.003500;28.049488;
0.003502;0.007416;0.003353;28.057552;
0.004010;0.007817;0.003392;28.064997;
0.003574;0.007596;0.003434;28.072847;
0.003622;0.007473;0.003405;28.080471;
0.003467;0.007392;0.003448;28.087982;
0.004215;0.008084;0.003441;28.095402;
0.003516;0.007484;0.003461;28.103514;
0.003488;0.008242;0.004338;28.111036;
0.003505;0.007397;0.003415;28.119307;
0.003495;0.008221;0.004298;28.126732;
0.003436;0.007289;0.003362;28.134998;
0.003577;0.007355;0.003385;28.142326;
0.004117;0.008138;0.003570;28.149710;
0.003529;0.007283;0.003344;28.157875;
0.004065;0.008009;0.003440;28.165188;
0.003453;0.007242;0.003357;28.173225;
0.004130;0.008070;0.003439;28.180498;
0.003566;0.007332;0.003357;28.188597;
0.004495;0.008418;0.003413;28.195955;
0.003530;0.007402;0.003441;28.204403;
0.003468;0.008307;0.004340;28.211830;
0.003489;0.007294;0.003389;28.220167;
0.003457;0.008265;0.004366;28.227541;
0.003530;0.007571;0.003489;28.235834;
0.003466;0.008262;0.004361;28.243431;
0.003535;0.007342;0.003392;28.251720;
0.003413;0.007236;0.003384;28.259096;
0.004176;0.008113;0.003447;28.266361;
0.003473;0.007345;0.003452;28.274502;
0.004123;0.008090;0.003494;28.281874;
0.003456;0.007390;0.003390;28.289997;
0.003740;0.007593;0.003386;28.297419;
0.003490;0.007393;0.003403;28.305059;
0.003504;0.008268;0.004333;28.312481;
0.003460;0.007340;0.003423;28.320780;
0.003510;0.008399;0.004481;28.328148;
0.003569;0.007516;0.003483;28.336575;
0.003451;0.008252;0.004316;28.344124;
0.003496;0.007342;0.003413;28.352404;
0.003501;0.007345;0.003442;28.359774;
0.004091;0.008055;0.003436;28.367151;
0.003507;0.007271;0.003381;28.375235;
0.004088;0.007983;0.003427;28.382532;
0.003571;0.007450;0.003373;28.390543;
0.003931;0.007781;0.003434;28.398029;
0.003587;0.007434;0.003371;28.405849;
0.005223;0.009199;0.003431;28.413311;
0.003499;0.007335;0.003437;28.422539;
0.005005;0.008964;0.003444;28.429899;
0.003548;0.007399;0.003419;28.438890;
0.004465;0.008370;0.003414;28.446318;
0.003532;0.007348;0.003402;28.454716;
0.003437;0.008288;0.004399;28.462091;
0.003479;0.007317;0.003415;28.470406;
0.003450;0.008356;0.004392;28.477751;
0.003586;0.007473;0.003459;28.486135;
0.003479;0.008459;0.004492;28.493637;
0.003455;0.007318;0.003465;28.502132;
0.003539;0.007558;0.003421;28.509478;
0.003941;0.007821;0.003459;28.517073;
0.003519;0.007449;0.003356;28.524925;
0.004027;0.007875;0.003370;28.532404;
0.003441;0.007357;0.003473;28.540308;
0.003901;0.007743;0.003379;28.547691;
0.003513;0.007428;0.003492;28.555464;
0.004147;0.008579;0.004045;28.562920;
0.003480;0.007269;0.003390;28.571545;
0.003420;0.008219;0.004330;28.578844;
0.003474;0.007324;0.003433;28.587091;
0.003471;0.008229;0.004345;28.594440;
0.003477;0.007328;0.003405;28.602697;
0.003430;0.007312;0.003451;28.610075;
0.004187;0.008079;0.003394;28.617416;
0.003474;0.007334;0.003392;28.625526;
0.004099;0.007963;0.003445;28.632889;
0.003552;0.007407;0.003356;28.640879;
0.004013;0.007940;0.003482;28.648315;
0.003512;0.007280;0.003327;28.656282;
0.004469;0.008353;0.003432;28.663589;
0.003462;0.007336;0.003432;28.671974;
0.003522;0.008502;0.004572;28.679338;
0.003516;0.007595;0.003518;28.687868;
0.003453;0.008322;0.004345;28.695492;
0.003565;0.007491;0.003448;28.703840;
0.003467;0.008333;0.004425;28.711359;
0.003471;0.007398;0.003454;28.719719;
0.003525;0.008304;0.004235;28.727144;
0.003496;0.007387;0.003410;28.735479;
0.003570;0.007475;0.003380;28.742895;
0.003969;0.007939;0.003427;28.750399;
0.003578;0.007477;0.003479;28.758366;
0.004058;0.007915;0.003439;28.765873;
0.003572;0.007702;0.003452;28.773815;
0.004005;0.008009;0.003466;28.781551;
0.003481;0.007255;0.003386;28.789593;
0.004518;0.008401;0.003410;28.796875;
0.003513;0.007454;0.003457;28.805305;
0.003432;0.008202;0.004321;28.812786;
0.003560;0.007416;0.003445;28.821014;
0.003462;0.008321;0.004406;28.828457;
0.003505;0.007389;0.003379;28.836807;
0.003429;0.008365;0.004399;28.844229;
0.003534;0.007362;0.003403;28.852623;
0.003530;0.007419;0.003342;28.860014;
0.004035;0.007910;0.003462;28.867464;
0.003487;0.007362;0.003384;28.875402;
0.004041;0.007992;0.003435;28.882790;
0.003470;0.007434;0.003421;28.890810;
0.004762;0.008644;0.003414;28.898273;
0.003540;0.007369;0.003329;28.906965;
0.004593;0.008477;0.003412;28.914364;
0.003552;0.007342;0.003326;28.922867;
0.003478;0.008281;0.004361;28.930237;
0.003481;0.007417;0.003388;28.938545;
0.003534;0.008391;0.004400;28.945992;
0.003483;0.007461;0.003439;28.954409;
0.003554;0.008318;0.004320;28.961899;
0.003504;0.007413;0.003430;28.970245;
0.003514;0.008311;0.004365;28.977688;
0.003493;0.007471;0.003410;28.986034;
0.003527;0.007277;0.003334;28.993534;
0.004141;0.008031;0.003395;29.000839;
0.003640;0.007427;0.003358;29.008898;
0.004053;0.007927;0.003405;29.016356;
0.003516;0.007412;0.003485;29.024307;
0.004817;0.008734;0.003332;29.031746;
0.003553;0.007351;0.003383;29.040510;
0.005073;0.008977;0.003431;29.047890;
0.003593;0.007552;0.003439;29.056896;
0.005096;0.009029;0.003384;29.064476;
0.003522;0.007587;0.003566;29.073534;
0.004440;0.008364;0.003453;29.081148;
0.003521;0.007386;0.003461;29.089544;
0.003453;0.008343;0.004363;29.096964;
0.003589;0.007521;0.003515;29.105333;
0.003410;0.008246;0.004359;29.112883;
0.003578;0.007511;0.003398;29.121155;
0.003419;0.008226;0.004338;29.128695;
0.003623;0.007494;0.003402;29.136948;
0.003476;0.007230;0.003336;29.144485;
0.004134;0.008050;0.003469;29.151743;
0.003533;0.007421;0.003421;29.159819;
0.004104;0.007879;0.003381;29.167273;
0.003465;0.007277;0.003395;29.175180;
0.004143;0.007984;0.003448;29.182486;
0.003496;0.007459;0.003473;29.190496;
0.005086;0.008872;0.003364;29.197987;
0.003459;0.007360;0.003430;29.206886;
0.004448;0.008431;0.003502;29.214275;
0.003487;0.007386;0.003421;29.222733;
0.003433;0.008296;0.004336;29.230145;
0.003551;0.007529;0.003459;29.238470;
0.003480;0.008383;0.004373;29.246033;
0.003524;0.007394;0.003413;29.254444;
0.003485;0.008157;0.004271;29.261866;
0.003495;0.007440;0.003391;29.270061;
0.003556;0.007446;0.003406;29.277531;
0.003966;0.007827;0.003400;29.285015;
0.003566;0.007444;0.003380;29.292868;
0.004004;0.008012;0.003428;29.300341;
0.003497;0.007423;0.003516;29.308382;
0.003767;0.007607;0.003366;29.315838;
0.003591;0.007369;0.003384;29.323473;
0.003513;0.008377;0.004376;29.330870;
0.003599;0.007443;0.003387;29.339275;
0.003437;0.008222;0.004320;29.346748;
0.003604;0.007475;0.003446;29.354998;
0.003443;0.008263;0.004342;29.362501;
0.003558;0.007370;0.003366;29.370790;
0.003486;0.007495;0.003407;29.378187;
0.003984;0.007977;0.003474;29.385715;
0.003385;0.007195;0.003406;29.393723;
0.004478;0.008412;0.003434;29.400946;
0.003469;0.007404;0.003385;29.409388;
0.004101;0.008171;0.003481;29.416821;
0.003467;0.007420;0.003421;29.425018;
0.005346;0.009257;0.003370;29.432472;
0.003382;0.007268;0.003390;29.441759;
0.005043;0.009061;0.003458;29.449055;
0.003436;0.007383;0.003494;29.458143;
0.005043;0.008976;0.003500;29.465555;
0.003536;0.007397;0.003425;29.474554;
0.005036;0.008861;0.003385;29.481985;
0.003569;0.007482;0.003402;29.490879;
0.004295;0.008133;0.003392;29.498386;
0.003510;0.007417;0.003412;29.506548;
0.003507;0.008357;0.004330;29.513994;
0.003517;0.007316;0.003368;29.522377;
0.003515;0.008297;0.004371;29.529724;
0.003517;0.007365;0.003395;29.538057;
0.003569;0.008914;0.004844;29.545454;
0.003528;0.007467;0.003400;29.554399;
0.003504;0.007296;0.003352;29.561893;
0.003994;0.007873;0.003381;29.569220;
0.003437;0.007362;0.003345;29.577127;
0.003916;0.007845;0.003385;29.584524;
0.003444;0.007286;0.003392;29.592402;
0.003754;0.007653;0.003425;29.599714;
0.003490;0.007498;0.003468;29.607397;
0.003468;0.008352;0.004404;29.614925;
0.003552;0.007445;0.003456;29.623308;
0.003469;0.008420;0.004393;29.630781;
0.003541;0.007395;0.003383;29.639233;
0.003460;0.008281;0.004348;29.646652;
0.003511;0.007430;0.003439;29.654964;
0.003518;0.008466;0.004475;29.662426;
0.003612;0.007426;0.003354;29.670923;
0.003473;0.007474;0.003446;29.678375;
0.004046;0.007780;0.003323;29.685881;
0.003553;0.007532;0.003409;29.693689;
0.004235;0.008138;0.003468;29.701248;
0.003505;0.007484;0.003453;29.709412;
0.004095;0.008027;0.003498;29.716927;
0.003502;0.007480;0.003430;29.724993;
0.004247;0.008044;0.003403;29.732517;
0.003465;0.007401;0.003441;29.740589;
0.003510;0.008354;0.004384;29.748018;
0.003518;0.007387;0.003415;29.756401;
0.003472;0.008236;0.004364;29.763817;
0.003541;0.007527;0.003494;29.772076;
0.003544;0.008354;0.004300;29.779634;
0.003516;0.007563;0.003444;29.788015;
0.003594;0.007407;0.003371;29.795609;
0.004070;0.007938;0.003393;29.803047;
0.003483;0.007269;0.003356;29.811018;
0.004028;0.008161;0.003579;29.818312;
0.003515;0.007610;0.003512;29.826508;
0.003919;0.007816;0.003452;29.834160;
0.003516;0.007401;0.003488;29.842005;
0.005072;0.009056;0.003437;29.849438;
0.003569;0.007515;0.003490;29.858526;
0.005038;0.008923;0.003406;29.866095;
0.003520;0.007356;0.003415;29.875061;
0.004528;0.008407;0.003388;29.882452;
0.003582;0.007505;0.003371;29.890886;
0.003393;0.008352;0.004442;29.898428;
0.003519;0.007372;0.003414;29.906815;
0.003477;0.008407;0.004356;29.914213;
0.003575;0.007455;0.003394;29.922647;
0.003406;0.008198;0.004329;29.930149;
0.003555;0.007420;0.003406;29.938381;
0.003531;0.007454;0.003405;29.945827;
0.003970;0.007750;0.003333;29.953314;
0.003517;0.007367;0.003383;29.961096;
0.004023;0.007818;0.003368;29.968498;
0.003591;0.007511;0.003430;29.976339;
0.003693;0.007564;0.003444;29.983881;
0.003474;0.007443;0.003510;29.991472;
0.003496;0.008328;0.004331;29.998941;
0.003436;0.007320;0.003423;30.007298;
0.003505;0.008239;0.004286;30.014645;
0.003496;0.007408;0.003421;30.022911;
0.003543;0.008363;0.004381;30.030348;
0.003482;0.007366;0.003403;30.038738;
0.003552;0.007449;0.003406;30.046135;
0.003950;0.007926;0.003553;30.053612;
0.003497;0.007580;0.003454;30.061565;
0.003814;0.007605;0.003341;30.069193;
0.003490;0.007318;0.003412;30.076864;
0.004019;0.007904;0.003377;30.084211;
0.003468;0.007244;0.003378;30.092146;
0.004538;0.008379;0.003397;30.099417;
0.003573;0.007625;0.003508;30.107824;
0.003442;0.008302;0.004349;30.115486;
0.003480;0.007319;0.003335;30.123829;
0.003370;0.008282;0.004364;30.131193;
0.003467;0.007347;0.003459;30.139507;
0.003455;0.008347;0.004395;30.146881;
0.003477;0.007343;0.003370;30.155258;
0.003509;0.007310;0.003385;30.162628;
0.004078;0.007947;0.003471;30.169966;
0.003492;0.007343;0.003362;30.177942;
0.003965;0.007817;0.003385;30.185316;
0.003454;0.007425;0.003438;30.193169;
0.004691;0.008485;0.003343;30.200623;
0.003486;0.007366;0.003395;30.209143;
0.004642;0.008595;0.003495;30.216537;
0.003426;0.007277;0.003373;30.225235;
0.003473;0.008225;0.004348;30.232540;
0.003474;0.007673;0.003782;30.240793;
0.003543;0.008395;0.004383;30.248493;
0.003643;0.007453;0.003332;30.256914;
0.003478;0.008503;0.004424;30.264399;
0.003548;0.007430;0.003415;30.272928;
0.003504;0.008348;0.004146;30.280388;
0.003495;0.007387;0.003462;30.288765;
0.003526;0.007573;0.003494;30.296185;
0.004050;0.007943;0.003457;30.303783;
0.003506;0.007342;0.003369;30.311752;
0.004166;0.007935;0.003365;30.319130;
0.003495;0.007460;0.003474;30.327103;
0.004317;0.008169;0.003447;30.334595;
0.003482;0.007365;0.003446;30.342793;
0.005076;0.008890;0.003394;30.350187;
0.003465;0.007413;0.003420;30.359125;
0.004493;0.008456;0.003515;30.366568;
0.003442;0.007374;0.003367;30.375050;
0.003403;0.008185;0.004349;30.382452;
0.003464;0.007382;0.003468;30.390665;
0.003489;0.008349;0.004342;30.398073;
0.003501;0.007361;0.003436;30.406452;
0.003536;0.008176;0.004192;30.413841;
0.003532;0.007386;0.003365;30.422047;
0.003501;0.007310;0.003397;30.429461;
0.004096;0.008093;0.003506;30.436798;
0.003526;0.007428;0.003423;30.444918;
0.004439;0.008259;0.003403;30.452374;
0.003536;0.007328;0.003410;30.460661;
0.005487;0.009431;0.003430;30.468029;
0.003575;0.007486;0.003404;30.477489;
0.004285;0.008274;0.003481;30.485004;
0.003584;0.007382;0.003374;30.493309;
0.005087;0.009057;0.003382;30.500717;
0.003517;0.007385;0.003399;30.509806;
0.005070;0.009120;0.003520;30.517218;
0.003601;0.007411;0.003414;30.526367;
0.004885;0.008857;0.003447;30.533804;
0.003575;0.007385;0.003415;30.542690;
0.004153;0.008226;0.003424;30.550108;
0.003465;0.007321;0.003449;30.558363;
0.003442;0.008253;0.004382;30.565712;
0.003513;0.007416;0.003430;30.573994;
0.003453;0.008296;0.004362;30.581436;
0.003545;0.007369;0.003391;30.589762;
0.003515;0.007480;0.003448;30.597158;
0.004016;0.007860;0.003400;30.604666;
0.003475;0.007258;0.003363;30.612555;
0.004170;0.008039;0.003432;30.619839;
0.003505;0.007413;0.003344;30.627905;
0.003981;0.007760;0.003338;30.635347;
0.003488;0.007433;0.003394;30.643148;
0.004460;0.008307;0.003399;30.650612;
0.003567;0.007467;0.003378;30.658943;
0.003489;0.008235;0.004313;30.666437;
0.003490;0.007399;0.003451;30.674702;
0.003477;0.008315;0.004359;30.682137;
0.003501;0.007434;0.003467;30.690483;
0.003504;0.008479;0.004376;30.697947;
0.003506;0.007442;0.003455;30.706453;
0.003616;0.007616;0.003419;30.713923;
0.003922;0.007930;0.003461;30.721567;
0.003501;0.007401;0.003493;30.729523;
0.004186;0.008078;0.003417;30.736956;
0.003522;0.007453;0.003439;30.745058;
0.003957;0.007942;0.003386;30.752542;
0.003553;0.007623;0.003506;30.760511;
0.005022;0.009057;0.003497;30.768162;
0.003553;0.007507;0.003471;30.777250;
0.005078;0.009124;0.003465;30.784786;
0.003508;0.007614;0.003438;30.793936;
0.005171;0.009254;0.003496;30.801584;
0.003457;0.007419;0.003474;30.810863;
0.005057;0.008973;0.003433;30.818314;
0.003514;0.007426;0.003474;30.827316;
0.005049;0.008966;0.003433;30.834772;
0.003569;0.007329;0.003363;30.843765;
0.005050;0.008952;0.003407;30.851122;
0.003532;0.007494;0.003481;30.860115;
0.004502;0.008345;0.003399;30.867641;
0.003456;0.007275;0.003364;30.876015;
0.003490;0.008351;0.004408;30.883318;
0.003516;0.007310;0.003382;30.891695;
0.003457;0.008289;0.004351;30.899035;
0.003496;0.007423;0.003481;30.907349;
0.003484;0.008434;0.004455;30.914803;
0.003465;0.007293;0.003390;30.923264;
0.003484;0.007362;0.003366;30.930588;
0.003974;0.007858;0.003451;30.937975;
0.003498;0.007339;0.003351;30.945862;
0.004014;0.007872;0.003438;30.953234;
0.003493;0.007400;0.003412;30.961138;
0.004553;0.008418;0.003444;30.968567;
0.003481;0.007356;0.003429;30.977018;
0.004455;0.008248;0.003370;30.984402;
0.003562;0.007351;0.003381;30.992676;
0.003454;0.008297;0.004368;31.000053;
0.003477;0.007308;0.003430;31.008379;
0.003460;0.008260;0.004381;31.015717;
0.003595;0.007861;0.003815;31.024004;
0.003450;0.008236;0.004328;31.031895;
0.003524;0.007357;0.003426;31.040161;
0.003477;0.007391;0.003432;31.047548;
0.004069;0.007931;0.003444;31.054968;
0.003502;0.007344;0.003393;31.062927;
0.004072;0.007937;0.003396;31.070311;
0.003495;0.007385;0.003451;31.078274;
0.004021;0.007889;0.003414;31.085686;
0.003460;0.007390;0.003452;31.093601;
0.004132;0.008641;0.004063;31.101019;
0.003513;0.007387;0.003452;31.109690;
0.003463;0.008410;0.004368;31.117109;
0.003564;0.007501;0.003402;31.125549;
0.003480;0.008302;0.004343;31.133078;
0.003489;0.007447;0.003408;31.141415;
0.003493;0.008389;0.004406;31.148893;
0.003492;0.007386;0.003459;31.157309;
0.003537;0.007358;0.003408;31.164721;
0.004093;0.008023;0.003469;31.172108;
0.003553;0.007405;0.003345;31.180159;
0.004039;0.007952;0.003387;31.187592;
0.003556;0.007345;0.003380;31.195572;
0.004056;0.007916;0.003421;31.202942;
0.003575;0.007409;0.003364;31.210884;
0.004365;0.008290;0.003346;31.218327;
0.003568;0.007396;0.003438;31.226643;
0.003420;0.008282;0.004378;31.234068;
0.003532;0.007508;0.003459;31.242378;
0.003417;0.008426;0.004380;31.249914;
0.003423;0.007236;0.003389;31.258369;
0.003448;0.008309;0.004317;31.265635;
0.003501;0.007459;0.003450;31.273970;
0.003475;0.007345;0.003421;31.281456;
0.004134;0.007952;0.003437;31.288830;
0.003468;0.007507;0.003419;31.296810;
0.003959;0.007791;0.003415;31.304344;
0.003545;0.007392;0.003377;31.312164;
0.004057;0.008005;0.003393;31.319582;
0.003480;0.007392;0.003400;31.327621;
0.004498;0.008425;0.003473;31.335039;
0.003537;0.007423;0.003461;31.343494;
0.003550;0.008330;0.004313;31.350945;
0.003440;0.007292;0.003358;31.359301;
0.003495;0.008243;0.004297;31.366623;
0.003511;0.007374;0.003362;31.374897;
0.003511;0.008365;0.004427;31.382298;
0.003549;0.007309;0.003325;31.390696;
0.003480;0.007279;0.003354;31.398031;
0.004043;0.008009;0.003451;31.405348;
0.003527;0.007317;0.003292;31.413385;
0.004010;0.007957;0.003424;31.420732;
0.003522;0.007459;0.003431;31.428719;
0.004492;0.008459;0.003460;31.436207;
0.003577;0.007380;0.003370;31.444698;
0.004476;0.008344;0.003365;31.452114;
0.003558;0.007466;0.003447;31.460484;
0.003421;0.008272;0.004382;31.467978;
0.003550;0.007345;0.003371;31.476278;
0.003489;0.008214;0.004291;31.483650;
0.003479;0.007315;0.003429;31.491894;
0.003495;0.008403;0.004385;31.499237;
0.003513;0.007317;0.003397;31.507664;
0.003554;0.007474;0.003346;31.515011;
0.004101;0.008032;0.003437;31.522514;
0.003590;0.007435;0.003366;31.530573;
0.004099;0.007979;0.003492;31.538036;
0.003519;0.007396;0.003378;31.546043;
0.003807;0.007646;0.003435;31.553469;
0.003467;0.007579;0.003465;31.561144;
0.004496;0.008329;0.003370;31.568758;
0.003445;0.007373;0.003404;31.577122;
0.003453;0.008203;0.004335;31.584526;
0.003511;0.007384;0.003394;31.592758;
0.003480;0.008205;0.004266;31.600170;
0.003482;0.007336;0.003370;31.608404;
0.003525;0.007349;0.003425;31.615767;
0.004076;0.007959;0.003378;31.623148;
0.003547;0.007433;0.003420;31.631132;
0.004064;0.007876;0.003400;31.638594;
0.003580;0.007511;0.003445;31.646500;
0.003969;0.007873;0.003453;31.654037;
0.003563;0.007466;0.003429;31.661938;
0.005064;0.009004;0.003387;31.669432;
0.003592;0.007451;0.003420;31.678463;
0.003974;0.007953;0.003473;31.685949;
0.003500;0.007413;0.003407;31.693943;
0.003416;0.008331;0.004418;31.701389;
0.003507;0.007315;0.003388;31.709751;
0.003439;0.008246;0.004371;31.717094;
0.003435;0.007398;0.003473;31.725368;
0.003491;0.008407;0.004442;31.732794;
0.003479;0.007351;0.003457;31.741236;
0.003488;0.007381;0.003411;31.748617;
0.003983;0.007763;0.003393;31.756029;
0.003444;0.007393;0.003358;31.763821;
0.003974;0.008108;0.003540;31.771242;
0.003462;0.007816;0.003527;31.779383;
0.003748;0.007746;0.003447;31.787251;
0.003544;0.007535;0.003414;31.795059;
0.004480;0.008393;0.003448;31.802620;
0.003554;0.007869;0.003822;31.811043;
0.003579;0.008495;0.004404;31.818947;
0.003495;0.007354;0.003440;31.827471;
0.003450;0.008280;0.004350;31.834854;
0.003522;0.007314;0.003373;31.843166;
0.003481;0.008325;0.004344;31.850515;
0.003532;0.007346;0.003415;31.858870;
0.003560;0.008234;0.004125;31.866243;
0.003530;0.007377;0.003403;31.874510;
0.003441;0.007302;0.003378;31.881916;
0.004164;0.008031;0.003371;31.889244;
0.003459;0.007349;0.003386;31.897303;
0.004058;0.007887;0.003411;31.904680;
0.003511;0.007387;0.003407;31.912596;
0.005081;0.008895;0.003399;31.920012;
0.003588;0.007416;0.003365;31.928932;
0.005145;0.009049;0.003401;31.936375;
0.003488;0.007353;0.003442;31.945452;
0.004532;0.008445;0.003483;31.952833;
0.003471;0.007370;0.003489;31.961306;
0.003461;0.008203;0.004302;31.968706;
0.003481;0.007360;0.003426;31.976936;
0.003485;0.008328;0.004474;31.984324;
0.003453;0.007253;0.003363;31.992680;
0.003553;0.008388;0.004384;31.999962;
0.003449;0.007268;0.003397;32.008381;
0.003486;0.007336;0.003420;32.015675;
0.004122;0.007922;0.003366;32.023041;
0.003529;0.007374;0.003371;32.030991;
0.004011;0.007859;0.003375;32.038391;
0.003531;0.007422;0.003378;32.046280;
0.005021;0.008924;0.003453;32.053730;
0.003536;0.007455;0.003462;32.062679;
0.005036;0.008971;0.003488;32.070171;
0.003471;0.007341;0.003389;32.079174;
0.004385;0.008176;0.003331;32.086601;
0.003492;0.007340;0.003404;32.094807;
0.003479;0.008249;0.004311;32.102180;
0.003490;0.007363;0.003385;32.110458;
0.003484;0.008323;0.004349;32.117844;
0.003485;0.007519;0.003418;32.126198;
0.003532;0.008110;0.004135;32.133747;
0.003523;0.007322;0.003397;32.141884;
0.003481;0.007407;0.003430;32.149239;
0.004053;0.008008;0.003464;32.156677;
0.003469;0.007278;0.003400;32.164715;
0.004122;0.007968;0.003449;32.172024;
0.003515;0.007435;0.003417;32.180016;
0.004993;0.008898;0.003442;32.187481;
0.003491;0.007394;0.003387;32.196411;
0.004551;0.008475;0.003430;32.203831;
0.003456;0.007318;0.003384;32.212334;
0.004179;0.008694;0.004060;32.219685;
0.003468;0.007460;0.003460;32.228409;
0.003480;0.008243;0.004346;32.235893;
0.003596;0.007568;0.003390;32.244167;
0.003558;0.008360;0.004391;32.251759;
0.003477;0.007373;0.003377;32.260147;
0.003510;0.008247;0.004312;32.267548;
0.003496;0.007494;0.003452;32.275826;
0.003507;0.007425;0.003396;32.283340;
0.003930;0.007907;0.003439;32.290794;
0.003521;0.007518;0.003428;32.298733;
0.003934;0.007851;0.003418;32.306290;
0.003536;0.007371;0.003349;32.314171;
0.003907;0.007893;0.003384;32.321644;
0.003441;0.007369;0.003473;32.329563;
0.004537;0.008509;0.003485;32.336964;
0.003587;0.007475;0.003441;32.345501;
0.003485;0.008365;0.004377;32.353004;
0.003451;0.007334;0.003437;32.361401;
0.003421;0.008213;0.004357;32.368763;
0.003500;0.007439;0.003436;32.377003;
0.003548;0.008434;0.004404;32.384472;
0.003533;0.007440;0.003376;32.392937;
0.003470;0.007329;0.003360;32.400402;
0.004120;0.008081;0.003557;32.407761;
0.003431;0.007320;0.003387;32.415871;
0.004031;0.007859;0.003399;32.423222;
0.003470;0.007402;0.003422;32.431110;
0.004134;0.008167;0.003578;32.438541;
0.003491;0.007400;0.003411;32.446739;
0.005030;0.008998;0.003482;32.454205;
0.003440;0.007324;0.003433;32.463238;
0.004527;0.008408;0.003442;32.470592;
0.003528;0.007415;0.003385;32.479027;
0.003496;0.008256;0.004303;32.486473;
0.003409;0.007316;0.003489;32.494759;
0.003433;0.008206;0.004321;32.502110;
0.003470;0.007363;0.003451;32.510349;
0.003497;0.008376;0.004450;32.517738;
0.003508;0.007452;0.003410;32.526142;
0.003491;0.007251;0.003354;32.533623;
0.004188;0.008097;0.003406;32.540901;
0.003500;0.007358;0.003384;32.549026;
0.003971;0.007836;0.003401;32.556416;
0.003417;0.007331;0.003444;32.564278;
0.004610;0.008439;0.003411;32.571640;
0.003506;0.007355;0.003369;32.580120;
0.004455;0.008707;0.003820;32.587502;
0.003538;0.007429;0.003406;32.596237;
0.003533;0.008291;0.004357;32.603691;
0.003486;0.007382;0.003388;32.612011;
0.003423;0.008240;0.004378;32.619427;
0.003486;0.007476;0.003492;32.627697;
0.003427;0.008291;0.004339;32.635212;
0.003523;0.007369;0.003414;32.643539;
0.003515;0.007504;0.003411;32.650936;
0.003906;0.007916;0.003491;32.658470;
0.003590;0.007578;0.003452;32.666416;
0.003976;0.008727;0.004264;32.674026;
0.003642;0.007592;0.003395;32.682777;
0.004076;0.007994;0.003412;32.690399;
0.003458;0.007333;0.003356;32.698425;
0.004008;0.007895;0.003401;32.705841;
0.003611;0.007371;0.003361;32.713764;
0.004445;0.008366;0.003414;32.721169;
0.003509;0.007397;0.003480;32.729557;
0.003461;0.008453;0.004411;32.736984;
0.003581;0.007490;0.003495;32.745464;
0.003438;0.008252;0.004297;32.752979;
0.003439;0.007295;0.003403;32.761265;
0.003456;0.008618;0.004318;32.768589;
0.003358;0.007385;0.003455;32.777241;
0.003492;0.008284;0.004191;32.784657;
0.003706;0.007521;0.003390;32.792973;
0.003583;0.007657;0.003495;32.800583;
0.003962;0.007789;0.003431;32.808273;
0.003453;0.007468;0.003373;32.816093;
0.003874;0.007709;0.003385;32.823593;
0.003584;0.007570;0.003448;32.831329;
0.004003;0.007943;0.003475;32.838928;
0.003451;0.007454;0.003372;32.846909;
0.004024;0.008495;0.004004;32.854397;
0.003533;0.007337;0.003362;32.862923;
0.003414;0.008245;0.004400;32.870285;
0.003520;0.007528;0.003498;32.878563;
0.003519;0.008479;0.004382;32.886120;
0.003484;0.007380;0.003385;32.894630;
0.003501;0.008348;0.004338;32.902039;
0.003445;0.007287;0.003404;32.910416;
0.003483;0.007428;0.003420;32.917732;
0.004024;0.007921;0.003461;32.925190;
0.003594;0.007453;0.003345;32.933147;
0.004016;0.008055;0.003471;32.940628;
0.003471;0.007530;0.003558;32.948715;
0.003998;0.007860;0.003414;32.956291;
0.003527;0.007475;0.003405;32.964195;
0.003998;0.007928;0.003441;32.971706;
0.003504;0.007342;0.003416;32.979664;
0.003456;0.008361;0.004418;32.987030;
0.003548;0.007335;0.003324;32.995422;
0.003421;0.008242;0.004353;33.002785;
0.003542;0.007301;0.003371;33.011055;
0.003475;0.007463;0.003440;33.018383;
0.004057;0.007824;0.003410;33.025875;
0.003477;0.007401;0.003402;33.033726;
0.004103;0.007895;0.003382;33.041157;
0.003486;0.007486;0.003434;33.049080;
0.003947;0.007783;0.003405;33.056591;
0.003523;0.007407;0.003382;33.064404;
0.004631;0.008487;0.003425;33.071842;
0.003473;0.007335;0.003385;33.080357;
0.003479;0.008324;0.004384;33.087719;
0.003547;0.007526;0.003409;33.096073;
0.003482;0.008256;0.004350;33.103626;
0.003516;0.007428;0.003416;33.111912;
0.003471;0.008248;0.004338;33.119366;
0.003581;0.007519;0.003496;33.127644;
0.003508;0.007359;0.003355;33.135185;
0.003965;0.007931;0.003377;33.142578;
0.003531;0.007430;0.003373;33.150539;
0.003927;0.007804;0.003398;33.157997;
0.003517;0.007352;0.003436;33.165829;
0.004064;0.007970;0.003436;33.173214;
0.003558;0.007402;0.003396;33.181210;
0.004531;0.008531;0.003482;33.188644;
0.003561;0.007413;0.003409;33.197201;
0.003451;0.008254;0.004314;33.204639;
0.003484;0.007294;0.003414;33.212925;
0.003462;0.008365;0.004341;33.220249;
0.003468;0.007426;0.003483;33.228653;
0.003436;0.008280;0.004327;33.236111;
0.003525;0.007319;0.003375;33.244419;
0.003505;0.007277;0.003339;33.251762;
0.004094;0.007960;0.003437;33.259068;
0.003511;0.007463;0.003393;33.267056;
0.003951;0.007830;0.003430;33.274544;
0.003483;0.007438;0.003439;33.282406;
0.003871;0.007725;0.003389;33.289871;
0.003515;0.007411;0.003445;33.297626;
0.003464;0.008236;0.004314;33.305069;
0.003477;0.007352;0.003377;33.313339;
0.003443;0.008216;0.004333;33.320717;
0.003554;0.007398;0.003375;33.328964;
0.003443;0.008275;0.004415;33.336388;
0.003545;0.007476;0.003368;33.344688;
0.003458;0.007336;0.003379;33.352192;
0.003951;0.007937;0.003540;33.359562;
0.003487;0.007375;0.003374;33.367527;
0.003980;0.008244;0.003850;33.374928;
0.003459;0.007399;0.003410;33.383202;
0.004028;0.007949;0.003469;33.390629;
0.003541;0.007424;0.003433;33.398609;
0.005481;0.009390;0.003415;33.406055;
0.003498;0.007332;0.003395;33.415478;
0.004985;0.008831;0.003394;33.422836;
0.003580;0.007501;0.003403;33.431698;
0.005138;0.009109;0.003522;33.439228;
0.003523;0.007386;0.003385;33.448364;
0.004552;0.008392;0.003403;33.455776;
0.003416;0.007361;0.003387;33.464203;
0.003403;0.008252;0.004409;33.471603;
0.003457;0.007377;0.003388;33.479893;
0.003480;0.008276;0.004341;33.487305;
0.003536;0.007414;0.003406;33.495609;
0.003501;0.008244;0.004301;33.503052;
0.003455;0.007346;0.003458;33.511326;
0.003491;0.007293;0.003414;33.518696;
0.004085;0.007927;0.003425;33.526020;
0.003589;0.007453;0.003395;33.533978;
0.004034;0.007897;0.003362;33.541458;
0.003502;0.007465;0.003439;33.549385;
0.003980;0.007916;0.003430;33.556877;
0.003547;0.007402;0.003412;33.564823;
0.004262;0.008153;0.003407;33.572254;
0.003534;0.007330;0.003378;33.580433;
0.003490;0.008280;0.004341;33.587791;
0.003505;0.007357;0.003412;33.596100;
0.003436;0.008242;0.004346;33.603485;
0.003533;0.007473;0.003525;33.611752;
0.003494;0.007368;0.003347;33.619255;
0.004101;0.007948;0.003397;33.626652;
0.003498;0.007377;0.003377;33.634628;
0.004072;0.007964;0.003447;33.642033;
0.003533;0.007430;0.003361;33.650028;
0.004026;0.007930;0.003434;33.657482;
0.003473;0.007395;0.003492;33.665443;
0.004733;0.008608;0.003426;33.672867;
0.003474;0.007454;0.003540;33.681503;
0.003508;0.008314;0.004353;33.688984;
0.003436;0.007438;0.003469;33.697323;
0.003563;0.008328;0.004311;33.704849;
0.003497;0.007408;0.003442;33.713215;
0.003501;0.008266;0.004319;33.720654;
0.003486;0.007421;0.003418;33.728951;
0.003419;0.007278;0.003349;33.736404;
0.003975;0.007998;0.003454;33.743710;
0.003572;0.007467;0.003402;33.751740;
0.003939;0.007817;0.003402;33.759254;
0.003573;0.007537;0.003388;33.767097;
0.003963;0.008132;0.003516;33.774666;
0.003518;0.007415;0.003401;33.782825;
0.004960;0.008945;0.003499;33.790272;
0.003510;0.007598;0.003495;33.799252;
0.005017;0.009042;0.003392;33.806881;
0.003542;0.007365;0.003330;33.815952;
0.005037;0.008869;0.003377;33.823353;
0.003485;0.007411;0.003451;33.832253;
0.004470;0.008415;0.003477;33.839695;
0.003503;0.007591;0.003501;33.848137;
0.003468;0.008364;0.004332;33.855755;
0.003516;0.007468;0.003432;33.864151;
0.003459;0.008309;0.004338;33.871643;
0.003480;0.007376;0.003464;33.879982;
0.003469;0.008314;0.004372;33.887383;
0.003536;0.007387;0.003442;33.895725;
0.003473;0.007419;0.003389;33.903137;
0.003998;0.007869;0.003421;33.910587;
0.003518;0.007412;0.003380;33.918484;
0.004058;0.007880;0.003406;33.925926;
0.003490;0.007282;0.003383;33.933830;
0.004158;0.008015;0.003428;33.941139;
0.003468;0.007275;0.003353;33.949196;
0.004603;0.008555;0.003491;33.956497;
0.003554;0.007408;0.003376;33.965084;
0.003559;0.008371;0.004372;33.972519;
0.003499;0.007579;0.003548;33.980919;
0.003481;0.008206;0.004319;33.988525;
0.003549;0.007433;0.003394;33.996761;
0.003446;0.008230;0.004383;34.004219;
0.003552;0.007413;0.003451;34.012478;
0.003503;0.007363;0.003442;34.019920;
0.004111;0.007902;0.003320;34.027306;
0.003539;0.007343;0.003400;34.035240;
0.004179;0.008021;0.003442;34.042618;
0.003482;0.007370;0.003431;34.050663;
0.003702;0.007531;0.003426;34.058064;
0.003692;0.007487;0.003360;34.065620;
0.003482;0.008306;0.004325;34.073139;
0.003515;0.007327;0.003360;34.081470;
0.003430;0.008213;0.004314;34.088829;
0.003527;0.007377;0.003398;34.097073;
0.003530;0.008289;0.004355;34.104477;
0.003474;0.007429;0.003564;34.112793;
0.003503;0.007345;0.003339;34.120255;
0.004019;0.007904;0.003441;34.127628;
0.003495;0.007366;0.003418;34.135559;
0.004004;0.007808;0.003400;34.142952;
0.003490;0.007656;0.003726;34.150791;
0.004110;0.007963;0.003377;34.158474;
0.003542;0.007365;0.003390;34.166462;
0.004119;0.007989;0.003383;34.173859;
0.003509;0.007432;0.003443;34.181873;
0.003437;0.008323;0.004350;34.189342;
0.003536;0.007336;0.003398;34.197693;
0.003469;0.008286;0.004319;34.205059;
0.003454;0.007362;0.003451;34.213375;
0.003540;0.008438;0.004390;34.220768;
0.003610;0.007463;0.003427;34.229233;
0.003472;0.007276;0.003377;34.236725;
0.004172;0.008116;0.003512;34.244026;
0.003473;0.007528;0.003456;34.252171;
0.004005;0.007827;0.003394;34.259731;
0.003554;0.007372;0.003378;34.267586;
0.003988;0.007860;0.003424;34.274982;
0.003486;0.007401;0.003463;34.282871;
0.003441;0.008301;0.004368;34.290321;
0.003508;0.007392;0.003386;34.298653;
0.003502;0.008539;0.004422;34.306072;
0.003423;0.007287;0.003361;34.314644;
0.003502;0.008410;0.004388;34.321960;
0.003405;0.007350;0.003420;34.330414;
0.003531;0.008399;0.004426;34.337795;
0.003452;0.007452;0.003373;34.346226;
0.003492;0.007412;0.003408;34.353706;
0.003955;0.007796;0.003428;34.361156;
0.003569;0.007477;0.003326;34.368984;
0.004022;0.007917;0.003373;34.376495;
0.003461;0.007331;0.003468;34.384453;
0.003921;0.007893;0.003399;34.391815;
0.003505;0.007304;0.003406;34.399738;
0.003492;0.008423;0.004380;34.407070;
0.003561;0.007365;0.003394;34.415524;
0.003453;0.008278;0.004360;34.422913;
0.003515;0.007304;0.003350;34.431221;
0.003468;0.008336;0.004396;34.438553;
0.003563;0.007437;0.003415;34.446915;
0.003530;0.007317;0.003374;34.454380;
0.004179;0.008013;0.003399;34.461727;
0.003455;0.007418;0.003420;34.469769;
0.003998;0.007951;0.003533;34.477215;
0.003473;0.007395;0.003369;34.485203;
0.004076;0.007963;0.003443;34.492622;
0.003517;0.007473;0.003477;34.500614;
0.004214;0.008027;0.003377;34.508118;
0.003550;0.007534;0.003474;34.516171;
0.003474;0.008240;0.004326;34.523731;
0.003490;0.007394;0.003442;34.531998;
0.003485;0.008330;0.004424;34.539421;
0.003494;0.007486;0.003522;34.547779;
0.003463;0.008293;0.004356;34.555302;
0.003494;0.007323;0.003370;34.563629;
0.003518;0.007400;0.003448;34.570980;
0.004039;0.008000;0.003400;34.578411;
0.003479;0.007239;0.003368;34.586441;
0.004152;0.008057;0.003400;34.593704;
0.003498;0.007432;0.003425;34.601791;
0.003945;0.007847;0.003442;34.609261;
0.003521;0.007385;0.003403;34.617134;
0.004449;0.008357;0.003400;34.624550;
0.003586;0.007415;0.003392;34.632931;
0.003430;0.008296;0.004360;34.640373;
0.003562;0.007414;0.003416;34.648701;
0.003463;0.008259;0.004319;34.656139;
0.003535;0.007343;0.003406;34.664433;
0.003493;0.008131;0.004180;34.671806;
0.003527;0.007400;0.003393;34.679966;
0.003443;0.007395;0.003399;34.687393;
0.004020;0.007837;0.003378;34.694817;
0.003494;0.007528;0.003525;34.702679;
0.004054;0.007910;0.003400;34.710239;
0.003552;0.007446;0.003362;34.718178;
0.004507;0.008404;0.003439;34.725651;
0.003445;0.007326;0.003395;34.734081;
0.004501;0.008414;0.003494;34.741436;
0.003473;0.007352;0.003442;34.749878;
0.003524;0.008328;0.004309;34.757259;
0.003513;0.007344;0.003382;34.765614;
0.003537;0.008366;0.004303;34.772984;
0.003523;0.007556;0.003533;34.781384;
0.003487;0.008294;0.004366;34.788967;
0.003500;0.007393;0.003387;34.797291;
0.003531;0.007354;0.003361;34.804722;
0.004137;0.008319;0.003630;34.812107;
0.003489;0.007230;0.003314;34.820454;
0.004073;0.007966;0.003366;34.827717;
0.003574;0.007348;0.003368;34.835712;
0.004080;0.007981;0.003475;34.843090;
0.003473;0.007324;0.003390;34.851101;
0.004060;0.008063;0.003459;34.858448;
0.003381;0.007272;0.003417;34.866543;
0.003443;0.008205;0.004344;34.873844;
0.003492;0.007375;0.003416;34.882076;
0.003487;0.008310;0.004383;34.889481;
0.003525;0.007327;0.003378;34.897820;
0.003474;0.007418;0.003404;34.905170;
0.003900;0.007690;0.003388;34.912617;
0.003517;0.007376;0.003370;34.920334;
0.004018;0.007919;0.003450;34.927738;
0.003487;0.007926;0.003928;34.935684;
0.003968;0.007891;0.003446;34.943638;
0.003461;0.007456;0.003539;34.951561;
0.005051;0.008952;0.003457;34.959045;
0.003537;0.007506;0.003436;34.968029;
0.005028;0.008948;0.003359;34.975559;
0.003517;0.007305;0.003375;34.984543;
0.004464;0.008314;0.003430;34.991875;
0.003503;0.007401;0.003478;35.000225;
0.003468;0.008209;0.004322;35.007652;
0.003530;0.007462;0.003437;35.015892;
0.006217;0.010110;0.003439;35.023384;
0.003459;0.007304;0.003378;35.033524;
0.003453;0.008196;0.004315;35.040859;
0.003604;0.007514;0.003423;35.049080;
0.003424;0.008412;0.004418;35.056629;
0.003490;0.007617;0.003526;35.065075;
0.003490;0.008291;0.004359;35.072720;
0.003516;0.007540;0.003516;35.081036;
0.003511;0.007396;0.003377;35.088608;
0.004066;0.007861;0.003401;35.096031;
0.003528;0.007323;0.003333;35.103924;
0.004092;0.007979;0.003446;35.111271;
0.003465;0.007636;0.003581;35.119278;
0.003527;0.007373;0.003440;35.126945;
0.003423;0.007282;0.003434;35.134354;
0.003504;0.008383;0.004364;35.141674;
0.003534;0.007421;0.003386;35.150085;
0.003503;0.008306;0.004386;35.157532;
0.003520;0.007338;0.003385;35.165863;
0.003622;0.008558;0.004346;35.173237;
0.003482;0.007429;0.003419;35.181824;
0.003498;0.008421;0.004447;35.189281;
0.003483;0.007388;0.003413;35.197731;
0.003593;0.007622;0.003522;35.205147;
0.004060;0.007961;0.003439;35.212799;
0.003530;0.007304;0.003363;35.220787;
0.004050;0.007874;0.003372;35.228119;
0.003525;0.007386;0.003407;35.236019;
0.003868;0.007720;0.003411;35.243443;
0.003573;0.007577;0.003534;35.251186;
0.004095;0.008626;0.004087;35.258793;
0.003598;0.007564;0.003484;35.267448;
0.003462;0.008234;0.004322;35.275043;
0.003494;0.007436;0.003475;35.283306;
0.003478;0.008310;0.004319;35.290775;
0.003502;0.007409;0.003384;35.299110;
0.003415;0.008315;0.004364;35.306553;
0.003603;0.007418;0.003389;35.314896;
0.003469;0.007404;0.003390;35.322342;
0.004031;0.008019;0.003406;35.329784;
0.003481;0.007472;0.003423;35.337833;
0.003918;0.007865;0.003470;35.345356;
0.003465;0.007372;0.003361;35.353256;
0.003985;0.007849;0.003378;35.360664;
0.003459;0.007333;0.003417;35.368546;
0.004545;0.008507;0.003467;35.375904;
0.003486;0.007345;0.003362;35.384441;
0.003492;0.008287;0.004336;35.391815;
0.003534;0.007528;0.003388;35.400127;
0.003503;0.008302;0.004344;35.407688;
0.003460;0.007318;0.003418;35.416019;
0.003449;0.008245;0.004326;35.423378;
0.003474;0.007442;0.003538;35.431652;
0.003540;0.007427;0.003396;35.439121;
0.004004;0.007957;0.003360;35.446575;
0.003430;0.007291;0.003345;35.454567;
0.003962;0.007852;0.003446;35.461887;
0.003521;0.007398;0.003419;35.469769;
0.003820;0.007667;0.003401;35.477196;
0.003537;0.007380;0.003450;35.484890;
0.003513;0.008324;0.004302;35.492298;
0.003497;0.007446;0.003489;35.500652;
0.003437;0.008199;0.004316;35.508125;
0.003528;0.007334;0.003358;35.516354;
0.003484;0.008330;0.004384;35.523716;
0.003548;0.007388;0.003388;35.532074;
0.003489;0.007349;0.003350;35.539490;
0.004030;0.007972;0.003491;35.546867;
0.003575;0.007369;0.003377;35.554867;
0.004177;0.008002;0.003375;35.562263;
0.003456;0.007395;0.003425;35.570301;
0.004095;0.008108;0.003415;35.577721;
0.003560;0.007497;0.003445;35.585854;
0.005152;0.008993;0.003354;35.593384;
0.003424;0.007357;0.003432;35.602409;
0.004480;0.008424;0.003492;35.609798;
0.003593;0.007622;0.003371;35.618256;
0.003499;0.008228;0.004318;35.625904;
0.003534;0.007431;0.003381;35.634163;
0.003371;0.008234;0.004409;35.641628;
0.003494;0.007280;0.003352;35.649891;
0.003426;0.008206;0.004348;35.657200;
0.003466;0.007338;0.003467;35.665436;
0.003544;0.007373;0.003375;35.672806;
0.004039;0.007990;0.003500;35.680206;
0.003498;0.007341;0.003347;35.688225;
0.004004;0.007824;0.003400;35.695595;
0.003446;0.007372;0.003441;35.703445;
0.003965;0.008268;0.003856;35.710854;
0.003656;0.007673;0.003468;35.719151;
0.005100;0.009100;0.003482;35.726852;
0.003468;0.007329;0.003424;35.735977;
0.004483;0.008531;0.003469;35.743336;
0.003477;0.007426;0.003476;35.751892;
0.003462;0.008332;0.004362;35.759350;
0.003523;0.007334;0.003394;35.767727;
0.003496;0.008371;0.004386;35.775089;
0.003474;0.007361;0.003439;35.783489;
0.003604;0.008371;0.004298;35.790874;
0.003498;0.007330;0.003376;35.799274;
0.003502;0.007420;0.003431;35.806633;
0.004016;0.007927;0.003429;35.814083;
0.003584;0.007434;0.003408;35.822037;
0.004131;0.008314;0.003578;35.829502;
0.003567;0.007440;0.003340;35.837849;
0.003952;0.007938;0.003476;35.845341;
0.003498;0.007379;0.003412;35.853310;
0.005072;0.009029;0.003418;35.860718;
0.003482;0.007382;0.003453;35.869774;
0.005160;0.009040;0.003417;35.877186;
0.003576;0.007490;0.003424;35.886253;
0.004384;0.008235;0.003399;35.893772;
0.003462;0.007274;0.003426;35.902039;
0.003469;0.008396;0.004360;35.909344;
0.003520;0.007377;0.003450;35.917774;
0.003452;0.008298;0.004386;35.925179;
0.003496;0.007315;0.003371;35.933506;
0.003460;0.008127;0.004190;35.940849;
0.003478;0.007287;0.003404;35.949005;
0.003510;0.007289;0.003337;35.956333;
0.004174;0.008059;0.003413;35.963657;
0.003519;0.007331;0.003368;35.971745;
0.004115;0.007995;0.003483;35.979103;
0.003501;0.007369;0.003448;35.987125;
0.005027;0.008944;0.003468;35.994522;
0.003539;0.007379;0.003372;36.003494;
0.005049;0.008934;0.003431;36.010902;
0.003506;0.007326;0.003370;36.019867;
0.004724;0.008560;0.003392;36.027218;
0.003503;0.007372;0.003465;36.035805;
0.003492;0.008290;0.004363;36.043205;
0.003489;0.007265;0.003342;36.051525;
0.003499;0.008285;0.004368;36.058815;
0.003495;0.007371;0.003426;36.067127;
0.003544;0.008078;0.003986;36.074524;
0.003454;0.007325;0.003418;36.082634;
0.003590;0.007467;0.003403;36.089981;
0.003995;0.007818;0.003402;36.097485;
0.003536;0.007513;0.003461;36.105328;
0.003976;0.007866;0.003413;36.112881;
0.003527;0.007399;0.003444;36.120773;
0.004600;0.008479;0.003378;36.128201;
0.003480;0.007348;0.003455;36.136707;
0.004457;0.008322;0.003394;36.144081;
0.003588;0.007547;0.003526;36.152431;
0.003444;0.008295;0.004392;36.160011;
0.003498;0.007348;0.003424;36.168339;
0.003462;0.008301;0.004382;36.175724;
0.003529;0.007436;0.003410;36.184052;
0.003436;0.008372;0.004411;36.191521;
0.003501;0.007309;0.003405;36.199924;
0.003441;0.007327;0.003368;36.207260;
0.004027;0.007967;0.003437;36.214615;
0.003520;0.007432;0.003426;36.222614;
0.004110;0.008020;0.003394;36.230072;
0.003477;0.007343;0.003374;36.238121;
0.003749;0.007632;0.003456;36.245491;
0.003562;0.007422;0.003419;36.253151;
0.004214;0.008094;0.003383;36.260597;
0.003479;0.007391;0.003438;36.268719;
0.003465;0.008234;0.004347;36.276138;
0.003446;0.007440;0.003493;36.284412;
0.003490;0.008244;0.004309;36.291885;
0.003470;0.007440;0.003442;36.300152;
0.003458;0.007308;0.003415;36.307625;
0.004038;0.007896;0.003386;36.314960;
0.003499;0.007271;0.003368;36.322887;
0.004074;0.007988;0.003460;36.330185;
0.003493;0.007388;0.003391;36.338200;
0.003796;0.007620;0.003406;36.345615;
0.003537;0.007493;0.003548;36.353268;
0.004164;0.008082;0.003470;36.360786;
0.003506;0.007433;0.003440;36.368893;
0.003421;0.008295;0.004372;36.376358;
0.003490;0.007348;0.003444;36.384678;
0.003488;0.008284;0.004326;36.392052;
0.003508;0.007386;0.003409;36.400372;
0.003483;0.007347;0.003369;36.407791;
0.004052;0.007881;0.003402;36.415165;
0.003480;0.007336;0.003388;36.423077;
0.003983;0.007799;0.003403;36.430450;
0.003467;0.007464;0.003486;36.438282;
0.003783;0.007663;0.003443;36.445774;
0.003456;0.007289;0.003389;36.453468;
0.003475;0.008254;0.004360;36.460785;
0.003490;0.007309;0.003378;36.469063;
0.003593;0.008472;0.004414;36.476406;
0.003541;0.007352;0.003384;36.484905;
0.003509;0.008321;0.004344;36.492294;
0.003584;0.007804;0.003785;36.500645;
0.003499;0.008353;0.004389;36.508472;
0.003497;0.007378;0.003460;36.516857;
0.003492;0.007480;0.003369;36.524261;
0.003903;0.007701;0.003344;36.531769;
0.003450;0.007283;0.003405;36.539497;
0.004078;0.008051;0.003480;36.546810;
0.003571;0.007411;0.003355;36.554890;
0.004995;0.008883;0.003430;36.562328;
0.003439;0.007314;0.003390;36.571236;
0.005087;0.008906;0.003368;36.578579;
0.003496;0.007369;0.003439;36.587517;
0.004499;0.008496;0.003497;36.594917;
0.003543;0.007464;0.003345;36.603439;
0.003613;0.008461;0.004358;36.610931;
0.003449;0.007375;0.003430;36.619423;
0.003528;0.008277;0.004358;36.626839;
0.003553;0.007443;0.003407;36.635143;
0.003454;0.008341;0.004446;36.642616;
0.003578;0.007468;0.003406;36.650986;
0.003501;0.007383;0.003369;36.658482;
0.003967;0.007963;0.003518;36.665894;
0.003534;0.007370;0.003406;36.673882;
0.004110;0.007948;0.003401;36.681282;
0.003508;0.007409;0.003394;36.689259;
0.003975;0.007830;0.003355;36.696701;
0.003613;0.007617;0.003541;36.704563;
0.005049;0.009082;0.003501;36.712212;
0.003545;0.007382;0.003392;36.721325;
0.005063;0.008936;0.003364;36.728737;
0.003542;0.007355;0.003411;36.737701;
0.004526;0.008389;0.003363;36.745083;
0.003372;0.007275;0.003500;36.753502;
0.003521;0.008372;0.004372;36.760883;
0.003495;0.007438;0.003388;36.769279;
0.003411;0.008459;0.004483;36.776756;
0.003462;0.007381;0.003394;36.785286;
0.003472;0.008255;0.004323;36.792717;
0.003524;0.007470;0.003479;36.801003;
0.003530;0.007440;0.003432;36.808498;
0.004131;0.007968;0.003390;36.815964;
0.003562;0.007272;0.003300;36.823963;
0.004110;0.008055;0.003496;36.831261;
0.003459;0.007451;0.003370;36.839348;
0.004003;0.007993;0.003403;36.846828;
0.003569;0.007423;0.003410;36.854855;
0.005064;0.008855;0.003394;36.862309;
0.003520;0.007416;0.003402;36.871189;
0.004518;0.008375;0.003386;36.878632;
0.003468;0.007493;0.003554;36.887032;
0.003583;0.008304;0.004293;36.894558;
0.003472;0.007327;0.003425;36.902889;
0.003493;0.008242;0.004335;36.910244;
0.003550;0.007457;0.003403;36.918514;
0.003535;0.008345;0.004412;36.926003;
0.003452;0.007373;0.003430;36.934376;
0.003496;0.007365;0.003422;36.941776;
0.004063;0.007963;0.003449;36.949169;
0.003492;0.007304;0.003376;36.957161;
0.004076;0.007877;0.003384;36.964504;
0.003536;0.007431;0.003464;36.972412;
0.003999;0.007947;0.003360;36.979870;
0.003464;0.007261;0.003376;36.987843;
0.003496;0.008471;0.004411;36.995132;
0.003525;0.007435;0.003458;37.003635;
0.003465;0.008301;0.004350;37.011097;
0.003468;0.007313;0.003400;37.019440;
0.003471;0.008320;0.004365;37.026791;
0.003527;0.007368;0.003365;37.035141;
0.003532;0.007345;0.003367;37.042534;
0.004103;0.008036;0.003504;37.049908;
0.003564;0.007367;0.003323;37.057976;
0.004059;0.007778;0.003314;37.065380;
0.003441;0.007354;0.003449;37.073200;
0.004032;0.007818;0.003356;37.080578;
0.003519;0.007436;0.003453;37.088425;
0.004502;0.008314;0.003402;37.095894;
0.003524;0.007396;0.003400;37.104233;
0.003535;0.008375;0.004413;37.111660;
0.003505;0.007364;0.003396;37.120060;
0.003480;0.008332;0.004380;37.127460;
0.003568;0.007515;0.003405;37.135818;
0.003476;0.008271;0.004293;37.143375;
0.003478;0.007401;0.003418;37.151680;
0.003494;0.007392;0.003353;37.159107;
0.003915;0.007789;0.003477;37.166531;
0.003453;0.007286;0.003361;37.174343;
0.003987;0.007849;0.003386;37.181660;
0.003466;0.007434;0.003536;37.189537;
0.003878;0.007710;0.003387;37.197002;
0.003485;0.007443;0.003511;37.204739;
0.003516;0.008363;0.004378;37.212212;
0.003475;0.007309;0.003451;37.220600;
0.003481;0.008275;0.004324;37.227940;
0.003497;0.007315;0.003382;37.236244;
0.003564;0.008390;0.004363;37.243587;
0.003491;0.007343;0.003419;37.252003;
0.003466;0.007291;0.003406;37.259373;
0.004110;0.008066;0.003479;37.266689;
0.003556;0.007816;0.003772;37.274784;
0.004050;0.007971;0.003421;37.282631;
0.003466;0.007323;0.003336;37.290634;
0.003960;0.007836;0.003453;37.297985;
0.003484;0.007429;0.003450;37.305851;
0.005035;0.008911;0.003421;37.313305;
0.003560;0.007512;0.003418;37.322250;
0.005052;0.008939;0.003387;37.329792;
0.003525;0.007315;0.003408;37.338757;
0.004454;0.008391;0.003445;37.346100;
0.003503;0.007428;0.003475;37.354519;
0.003467;0.008267;0.004358;37.361977;
0.003603;0.007456;0.003403;37.370270;
0.003453;0.008307;0.004390;37.377754;
0.003517;0.007432;0.003437;37.386089;
0.003472;0.008118;0.004120;37.393551;
0.003510;0.007289;0.003391;37.401695;
0.003464;0.007467;0.003415;37.409012;
0.003922;0.007790;0.003392;37.416508;
0.003548;0.007361;0.003336;37.424339;
0.004084;0.008086;0.003478;37.431728;
0.003483;0.007351;0.003427;37.439842;
0.005016;0.008906;0.003468;37.447220;
0.003486;0.007363;0.003361;37.456161;
0.004204;0.008112;0.003437;37.463551;
0.003449;0.007318;0.003464;37.471691;
0.003510;0.008310;0.004337;37.479038;
0.003545;0.007390;0.003406;37.487377;
0.003518;0.008412;0.004435;37.494797;
0.003458;0.007360;0.003382;37.503239;
0.003429;0.008331;0.004465;37.510632;
0.003496;0.007440;0.003438;37.518990;
0.003477;0.007250;0.003343;37.526459;
0.004058;0.007918;0.003397;37.533737;
0.003485;0.007329;0.003343;37.541683;
0.003972;0.007981;0.003544;37.549042;
0.003599;0.007520;0.003449;37.557053;
0.003620;0.007503;0.003415;37.564598;
0.003508;0.007318;0.003385;37.572136;
0.003460;0.008390;0.004405;37.579483;
0.003495;0.007362;0.003438;37.587902;
0.003528;0.008407;0.004362;37.595295;
0.003577;0.007370;0.003367;37.603729;
0.003532;0.008417;0.004324;37.611126;
0.003475;0.007378;0.003504;37.619576;
0.003466;0.007410;0.003384;37.626980;
0.004005;0.007778;0.003373;37.634418;
0.003452;0.007348;0.003368;37.642220;
0.003997;0.007862;0.003437;37.649601;
0.003481;0.007286;0.003376;37.657497;
0.004060;0.007966;0.003454;37.664810;
0.003492;0.007404;0.003487;37.672802;
0.004522;0.008445;0.003404;37.680233;
0.003477;0.007372;0.003399;37.688709;
0.003532;0.008496;0.004382;37.696110;
0.003405;0.007365;0.003539;37.704636;
0.003513;0.008428;0.004383;37.712025;
0.003521;0.007473;0.003429;37.720490;
0.003489;0.008319;0.004408;37.728001;
0.003544;0.007524;0.003456;37.736347;
0.003533;0.008134;0.004106;37.743904;
0.003782;0.007741;0.003435;37.752064;
0.003528;0.007440;0.003405;37.759834;
0.003938;0.007824;0.003422;37.767300;
0.003523;0.007433;0.003379;37.775154;
0.004017;0.008281;0.003637;37.782612;
0.003491;0.007344;0.003399;37.790920;
0.003787;0.007642;0.003432;37.798294;
0.003493;0.007346;0.003422;37.805965;
0.003589;0.008457;0.004314;37.813339;
0.003531;0.007340;0.003420;37.821827;
0.003434;0.008267;0.004345;37.829197;
0.003492;0.007401;0.003437;37.837502;
0.003454;0.008208;0.004304;37.844933;
0.003548;0.007538;0.003410;37.853168;
0.003515;0.007541;0.003453;37.860737;
0.003974;0.007931;0.003497;37.868309;
0.003489;0.007358;0.003378;37.876266;
0.004074;0.008038;0.003425;37.883652;
0.003505;0.007339;0.003403;37.891720;
0.004168;0.008140;0.003416;37.899090;
0.003492;0.007542;0.003495;37.907257;
0.005066;0.008981;0.003419;37.914829;
0.003475;0.007414;0.003452;37.923840;
0.004976;0.008798;0.003400;37.931278;
0.003483;0.007400;0.003423;37.940102;
0.004589;0.008455;0.003392;37.947536;
0.003494;0.007330;0.003418;37.956020;
0.003442;0.008262;0.004324;37.963383;
0.003484;0.007248;0.003335;37.971676;
0.003442;0.008190;0.004308;37.978951;
0.003442;0.007315;0.003414;37.987171;
0.003447;0.008343;0.004470;37.994514;
0.003500;0.007323;0.003424;38.002884;
0.003505;0.007499;0.003372;38.010235;
0.003906;0.007803;0.003380;38.017765;
0.003515;0.007505;0.003436;38.025597;
0.003909;0.007815;0.003455;38.033131;
0.003484;0.007334;0.003437;38.040974;
0.005080;0.009383;0.003769;38.048336;
0.003474;0.007393;0.003405;38.057751;
0.005088;0.009007;0.003445;38.065166;
0.003485;0.007360;0.003390;38.074203;
0.005057;0.008949;0.003426;38.081593;
0.003475;0.007344;0.003413;38.090569;
0.005163;0.009089;0.003486;38.097939;
0.003475;0.007449;0.003433;38.107059;
0.005091;0.008895;0.003377;38.114536;
0.003560;0.007397;0.003348;38.123478;
0.004514;0.008603;0.003614;38.130901;
0.003459;0.007269;0.003344;38.139542;
0.003475;0.008238;0.004356;38.146839;
0.003459;0.007378;0.003398;38.155109;
0.003463;0.008328;0.004359;38.162525;
0.003492;0.007376;0.003447;38.170883;
0.003501;0.008467;0.004463;38.178284;
0.003475;0.007320;0.003389;38.186779;
0.003570;0.007431;0.003376;38.194130;
0.003967;0.008025;0.003459;38.201588;
0.003398;0.007364;0.003454;38.209637;
0.004001;0.008045;0.003560;38.217030;
0.003537;0.007421;0.003365;38.225105;
0.003616;0.007652;0.003492;38.232555;
0.003475;0.007515;0.003432;38.240238;
0.004093;0.008116;0.003368;38.247780;
0.003544;0.007430;0.003425;38.255932;
0.003465;0.008350;0.004377;38.263393;
0.003505;0.007308;0.003406;38.271770;
0.003432;0.008293;0.004344;38.279137;
0.003465;0.007298;0.003385;38.287476;
0.003466;0.007368;0.003387;38.294800;
0.004075;0.008024;0.003443;38.302200;
0.003467;0.007317;0.003371;38.310249;
0.004092;0.007972;0.003416;38.317593;
0.003464;0.007475;0.003592;38.325596;
0.004125;0.007982;0.003411;38.333099;
0.003532;0.007404;0.003397;38.341110;
0.005084;0.008987;0.003418;38.348545;
0.003409;0.007264;0.003377;38.357563;
0.004503;0.008534;0.003532;38.364864;
0.003525;0.007523;0.003547;38.373428;
0.003501;0.008307;0.004324;38.380981;
0.003514;0.007415;0.003374;38.389313;
0.003536;0.008328;0.004362;38.396759;
0.003456;0.007308;0.003412;38.405109;
0.003507;0.008389;0.004348;38.412453;
0.003536;0.007410;0.003408;38.420868;
0.003591;0.007543;0.003376;38.428303;
0.003910;0.007768;0.003375;38.435879;
0.003548;0.007472;0.003329;38.443680;
0.003864;0.007782;0.003439;38.451183;
0.003576;0.007465;0.003353;38.458992;
0.003955;0.007897;0.003444;38.466484;
0.003516;0.007458;0.003418;38.474419;
0.005126;0.008980;0.003387;38.481903;
0.003514;0.007296;0.003361;38.490910;
0.004517;0.008430;0.003402;38.498234;
0.003496;0.007192;0.003315;38.506691;
0.003419;0.008186;0.004330;38.513912;
0.003566;0.007427;0.003441;38.522129;
0.003458;0.008392;0.004341;38.529579;
0.003519;0.007410;0.003475;38.538006;
0.003435;0.008007;0.004150;38.545448;
0.003500;0.007363;0.003459;38.553501;
0.003544;0.007506;0.003419;38.560898;
0.003997;0.007807;0.003421;38.568432;
0.003483;0.007387;0.003349;38.576275;
0.004055;0.007954;0.003405;38.583687;
0.003464;0.007294;0.003395;38.591675;
0.005082;0.008928;0.003439;38.598995;
0.003465;0.007375;0.003467;38.607952;
0.004546;0.008597;0.003406;38.615353;
0.003432;0.007421;0.003474;38.623978;
0.003462;0.008306;0.004287;38.631435;
0.003465;0.007330;0.003425;38.639778;
0.003455;0.008206;0.004331;38.647137;
0.003459;0.007346;0.003378;38.655373;
0.003479;0.008275;0.004369;38.662754;
0.003549;0.007459;0.003371;38.671055;
0.003454;0.007527;0.003405;38.678551;
0.003884;0.007795;0.003442;38.686111;
0.003488;0.007513;0.003495;38.693935;
0.003918;0.008032;0.003619;38.701496;
0.003527;0.007410;0.003382;38.709557;
0.003965;0.008094;0.003641;38.716995;
0.003515;0.007536;0.003464;38.725121;
0.005013;0.008936;0.003490;38.732681;
0.003421;0.007240;0.003349;38.741646;
0.004457;0.008344;0.003457;38.748917;
0.003519;0.007447;0.003442;38.757290;
0.003486;0.008318;0.004406;38.764763;
0.003549;0.007767;0.003517;38.773109;
0.003391;0.008268;0.004383;38.780910;
0.003548;0.007433;0.003367;38.789207;
0.003388;0.008146;0.004310;38.796669;
0.003507;0.007354;0.003416;38.804844;
0.003477;0.007359;0.003388;38.812225;
0.004006;0.007960;0.003445;38.819618;
0.003361;0.007320;0.003441;38.827606;
0.003992;0.007893;0.003381;38.834957;
0.003471;0.007604;0.003729;38.842876;
0.004063;0.007919;0.003391;38.850510;
0.003499;0.007349;0.003389;38.858456;
0.004488;0.008610;0.003578;38.865837;
0.003679;0.007600;0.003464;38.874477;
0.003433;0.008319;0.004353;38.882111;
0.003488;0.007517;0.003386;38.890469;
0.003428;0.008205;0.004318;38.898026;
0.003513;0.007361;0.003424;38.906258;
0.003449;0.008398;0.004347;38.913647;
0.003492;0.007482;0.003438;38.922070;
0.003459;0.008486;0.004464;38.929581;
0.003537;0.007344;0.003382;38.938095;
0.003543;0.007364;0.003377;38.945469;
0.004130;0.008076;0.003437;38.952866;
0.003517;0.007312;0.003377;38.960968;
0.004146;0.007940;0.003375;38.968311;
0.003507;0.007515;0.003395;38.976280;
0.003832;0.007654;0.003371;38.983822;
0.003427;0.007620;0.003385;38.991516;
0.004351;0.008296;0.003475;38.999176;
0.003465;0.007404;0.003433;39.007530;
0.003490;0.008331;0.004427;39.014961;
0.003514;0.007391;0.003436;39.023323;
0.003538;0.008385;0.004395;39.030739;
0.003505;0.007363;0.003382;39.039150;
0.003486;0.008265;0.004344;39.046543;
0.003477;0.007316;0.003384;39.054836;
0.003535;0.007313;0.003358;39.062180;
0.004099;0.007948;0.003402;39.069527;
0.003487;0.007424;0.003455;39.077515;
0.003932;0.007841;0.003400;39.084976;
0.003487;0.007356;0.003411;39.092846;
0.005025;0.008999;0.003440;39.100227;
0.003499;0.007427;0.003439;39.109257;
0.005008;0.008993;0.003430;39.116714;
0.003511;0.007314;0.003392;39.125740;
0.004071;0.007917;0.003369;39.133080;
0.003542;0.007405;0.003435;39.141026;
0.003470;0.008349;0.004374;39.148457;
0.003537;0.007358;0.003421;39.156834;
0.003474;0.008298;0.004351;39.164215;
0.003504;0.007343;0.003417;39.172546;
0.003489;0.008480;0.004510;39.179928;
0.003590;0.007487;0.003458;39.188438;
0.003462;0.007273;0.003367;39.195953;
0.004151;0.008067;0.003463;39.203259;
0.003483;0.007476;0.003445;39.211353;
0.004020;0.007922;0.003403;39.218853;
0.003459;0.007409;0.003402;39.226807;
0.003939;0.007832;0.003428;39.234245;
0.003502;0.007344;0.003398;39.242107;
0.003462;0.008268;0.004350;39.249485;
0.003510;0.007485;0.003427;39.257782;
0.003553;0.008380;0.004348;39.265297;
0.003480;0.007389;0.003419;39.273708;
0.003546;0.008418;0.004365;39.281124;
0.003410;0.007410;0.003440;39.289574;
0.003540;0.008324;0.004398;39.297012;
0.003498;0.007592;0.003554;39.305367;
0.003593;0.007382;0.003344;39.312984;
0.004071;0.007998;0.003456;39.320396;
0.003523;0.007504;0.003353;39.328430;
0.003903;0.007807;0.003439;39.335968;
0.003546;0.007473;0.003448;39.343800;
0.004010;0.007834;0.003385;39.351303;
0.003494;0.007366;0.003411;39.359192;
0.004474;0.008444;0.003520;39.366585;
0.003506;0.007339;0.003406;39.375057;
0.003490;0.008308;0.004360;39.382431;
0.003516;0.007350;0.003450;39.390766;
0.003451;0.008162;0.004288;39.398144;
0.003519;0.007333;0.003373;39.406334;
0.003522;0.008155;0.004118;39.413692;
0.003562;0.007387;0.003430;39.421875;
0.003474;0.007662;0.003398;39.429295;
0.003782;0.007762;0.003476;39.436981;
0.003522;0.007294;0.003341;39.444775;
0.004161;0.008141;0.003544;39.452095;
0.003469;0.007438;0.003406;39.460266;
0.004911;0.008716;0.003355;39.467735;
0.003424;0.007393;0.003448;39.476482;
0.004609;0.008411;0.003374;39.483913;
0.003544;0.007455;0.003431;39.492352;
0.003478;0.008314;0.004398;39.499836;
0.003505;0.007306;0.003342;39.508179;
0.003444;0.008267;0.004368;39.515518;
0.003533;0.007395;0.003429;39.523811;
0.003459;0.008234;0.004323;39.531235;
0.003458;0.007290;0.003376;39.539497;
0.003519;0.007421;0.003393;39.546822;
0.003979;0.007801;0.003399;39.554272;
0.003492;0.007220;0.003367;39.562096;
0.004128;0.008042;0.003463;39.569347;
0.003455;0.007239;0.003382;39.577415;
0.004647;0.008493;0.003396;39.584686;
0.003441;0.007293;0.003438;39.593204;
0.004631;0.008469;0.003412;39.600525;
0.003498;0.007272;0.003388;39.609028;
0.003509;0.008651;0.004644;39.616329;
0.003567;0.007459;0.003429;39.625008;
0.003523;0.008318;0.004348;39.632496;
0.003505;0.007447;0.003474;39.640839;
0.003487;0.008423;0.004390;39.648315;
0.003486;0.007406;0.003441;39.656769;
0.003539;0.008473;0.004443;39.664200;
0.003454;0.007379;0.003449;39.672703;
0.003513;0.007493;0.003426;39.680107;
0.003994;0.007824;0.003376;39.687634;
0.003479;0.007253;0.003387;39.695484;
0.004124;0.009973;0.003431;39.702766;
0.003058;0.006998;0.003409;39.712772;
0.003957;0.007827;0.003370;39.719799;
0.003520;0.007350;0.003374;39.727654;
0.003970;0.007903;0.003455;39.735031;
0.003536;0.007349;0.003394;39.742966;
0.003466;0.008265;0.004335;39.750340;
0.003566;0.007403;0.003386;39.758633;
0.003445;0.008274;0.004354;39.766064;
0.003542;0.007536;0.003440;39.774368;
0.003458;0.008421;0.004462;39.781937;
0.003519;0.007504;0.003470;39.790382;
0.003576;0.008551;0.004499;39.797920;
0.003502;0.007389;0.003422;39.806499;
0.003569;0.007648;0.003492;39.813911;
0.003961;0.007734;0.003365;39.821590;
0.003478;0.007274;0.003360;39.829361;
0.004163;0.008146;0.003434;39.836670;
0.003540;0.007335;0.003370;39.844841;
0.004141;0.008068;0.003506;39.852207;
0.003502;0.007393;0.003423;39.860302;
0.004682;0.008585;0.003472;39.867722;
0.003519;0.007331;0.003399;39.876339;
0.003520;0.008558;0.004483;39.883694;
0.003513;0.007387;0.003375;39.892281;
0.003538;0.008379;0.004409;39.899696;
0.003469;0.007360;0.003433;39.908104;
0.003477;0.008253;0.004294;39.915493;
0.003483;0.007337;0.003415;39.923775;
0.003503;0.007466;0.003478;39.931141;
0.003961;0.007940;0.003468;39.938637;
0.003538;0.007432;0.003424;39.946609;
0.003909;0.007792;0.003395;39.954067;
0.003505;0.007302;0.003402;39.961887;
0.004120;0.008025;0.003451;39.969219;
0.003542;0.007493;0.003424;39.977276;
0.005078;0.009061;0.003436;39.984795;
0.003518;0.007456;0.003516;39.993889;
0.004049;0.007958;0.003438;40.001373;
0.003588;0.007396;0.003412;40.009357;
0.003439;0.008298;0.004361;40.016785;
0.003564;0.007372;0.003387;40.025108;
0.003473;0.008320;0.004377;40.032509;
0.003532;0.007410;0.003424;40.040855;
0.003482;0.008423;0.004449;40.048290;
0.003566;0.007373;0.003389;40.056744;
0.003455;0.007250;0.003397;40.064144;
0.004160;0.007949;0.003385;40.071423;
0.003543;0.007419;0.003428;40.079399;
0.004116;0.008105;0.003507;40.086845;
0.003501;0.007421;0.003474;40.094978;
0.003967;0.007750;0.003406;40.102425;
0.003413;0.007223;0.003351;40.110294;
0.003479;0.008338;0.004338;40.117546;
0.003537;0.007464;0.003464;40.125912;
0.003483;0.008236;0.004298;40.133404;
0.003477;0.007332;0.003380;40.141674;
0.003534;0.008247;0.004297;40.149033;
0.003475;0.007388;0.003419;40.157310;
0.003512;0.007337;0.003371;40.164722;
0.004026;0.007968;0.003483;40.172092;
0.003502;0.007331;0.003413;40.180088;
0.004125;0.007977;0.003404;40.187447;
0.003548;0.007484;0.003368;40.195465;
0.003877;0.007817;0.003428;40.202988;
0.003486;0.007309;0.003444;40.210838;
0.004501;0.008449;0.003418;40.218174;
0.003443;0.007281;0.003395;40.226654;
0.003390;0.008178;0.004340;40.233963;
0.003580;0.007504;0.003467;40.242252;
0.003487;0.008417;0.004420;40.249783;
0.003580;0.007372;0.003379;40.258228;
0.003439;0.008057;0.004017;40.265648;
0.003500;0.007483;0.003490;40.273739;
0.003464;0.007360;0.003424;40.281246;
0.004062;0.007954;0.003436;40.288635;
0.003511;0.007308;0.003360;40.296623;
0.004028;0.007991;0.003472;40.303959;
0.003502;0.007318;0.003374;40.311981;
0.004501;0.008363;0.003436;40.319324;
0.003551;0.007438;0.003361;40.327717;
0.004527;0.008323;0.003370;40.335182;
0.003529;0.007410;0.003445;40.343544;
0.003465;0.008215;0.004330;40.350994;
0.003510;0.007390;0.003444;40.359245;
0.003431;0.008265;0.004331;40.366665;
0.003514;0.007323;0.003410;40.374954;
0.003464;0.008367;0.004397;40.382305;
0.003372;0.007188;0.003371;40.390720;
0.003508;0.007227;0.003354;40.397942;
0.004155;0.008503;0.003883;40.405197;
0.003478;0.007395;0.003351;40.413731;
0.003979;0.007854;0.003447;40.421158;
0.003538;0.007513;0.003473;40.429039;
0.003723;0.007488;0.003373;40.436588;
0.003481;0.007264;0.003382;40.444107;
0.003489;0.008435;0.004452;40.451401;
0.003577;0.007425;0.003406;40.459862;
0.003480;0.008251;0.004274;40.467319;
0.003445;0.007361;0.003439;40.475594;
0.003495;0.008317;0.004384;40.482986;
0.003461;0.007370;0.003403;40.491333;
0.003499;0.007361;0.003445;40.498753;
0.004060;0.007890;0.003373;40.506138;
0.003517;0.007367;0.003376;40.514057;
0.004017;0.008028;0.003502;40.521450;
0.003500;0.007436;0.003426;40.529510;
0.003967;0.007915;0.003449;40.536976;
0.003487;0.007381;0.003481;40.544918;
0.004492;0.008426;0.003402;40.552330;
0.003511;0.007279;0.003364;40.560783;
0.003468;0.008286;0.004347;40.568089;
0.003571;0.007426;0.003388;40.576405;
0.003485;0.008284;0.004335;40.583855;
0.003549;0.007437;0.003432;40.592167;
0.003474;0.008000;0.003989;40.599640;
0.003471;0.007319;0.003436;40.607670;
0.003462;0.007361;0.003412;40.615017;
0.004139;0.008022;0.003438;40.622410;
0.003500;0.007474;0.003376;40.630459;
0.003955;0.007858;0.003462;40.637974;
0.003521;0.007369;0.003399;40.645859;
0.004563;0.008454;0.003412;40.653255;
0.003486;0.007384;0.003481;40.661736;
0.004602;0.008506;0.003411;40.669151;
0.003450;0.007392;0.003506;40.677685;
0.003537;0.008274;0.004324;40.685108;
0.003486;0.007382;0.003439;40.693409;
0.003519;0.008370;0.004353;40.700821;
0.003434;0.007369;0.003426;40.709217;
0.003543;0.008460;0.004476;40.716621;
0.003507;0.007374;0.003424;40.725109;
0.003547;0.007443;0.003373;40.732510;
0.003950;0.007928;0.003482;40.739983;
0.003530;0.007462;0.003439;40.747940;
0.003995;0.007837;0.003372;40.755432;
0.003499;0.007312;0.003390;40.763294;
0.004105;0.008132;0.003424;40.770649;
0.003474;0.007555;0.003522;40.778824;
0.005179;0.009241;0.003532;40.786404;
0.003508;0.007402;0.003438;40.795677;
0.005038;0.009004;0.003492;40.803108;
0.003502;0.007460;0.003484;40.812141;
0.005034;0.008882;0.003367;40.819633;
0.003482;0.007213;0.003336;40.828548;
0.004180;0.008123;0.003447;40.835793;
0.003505;0.007357;0.003436;40.843945;
0.003438;0.008440;0.004373;40.851326;
0.003487;0.007419;0.003469;40.859798;
0.003451;0.008250;0.004330;40.867241;
0.003479;0.007296;0.003380;40.875519;
0.003492;0.007366;0.003449;40.882843;
0.004184;0.008090;0.003462;40.890236;
0.003499;0.007628;0.003360;40.898354;
0.003877;0.007906;0.003471;40.906013;
0.003505;0.007524;0.003470;40.913956;
0.003999;0.007900;0.003458;40.921505;
0.003501;0.007482;0.003402;40.929432;
0.005079;0.008924;0.003370;40.936947;
0.003486;0.007488;0.003500;40.945896;
0.005069;0.008903;0.003390;40.953411;
0.003465;0.007327;0.003391;40.962341;
0.004513;0.008449;0.003480;40.969700;
0.003505;0.007344;0.003403;40.978180;
0.003496;0.008395;0.004311;40.985550;
0.003484;0.007397;0.003468;40.993973;
0.003529;0.008404;0.004376;41.001400;
0.003503;0.007321;0.003382;41.009834;
0.003471;0.008210;0.004319;41.017181;
0.003479;0.007271;0.003346;41.025425;
0.003549;0.007425;0.003376;41.032722;
0.004025;0.007922;0.003472;41.040176;
0.003531;0.007238;0.003349;41.048126;
0.004121;0.008003;0.003392;41.055397;
0.003507;0.007386;0.003393;41.063427;
0.003929;0.007816;0.003427;41.070843;
0.003476;0.007366;0.003462;41.078686;
0.003492;0.008293;0.004345;41.086075;
0.003461;0.007341;0.003431;41.094398;
0.003447;0.008206;0.004336;41.101768;
0.003502;0.007342;0.003394;41.110001;
0.003476;0.008387;0.004378;41.117371;
0.003527;0.007321;0.003419;41.125786;
0.003473;0.007378;0.003383;41.133137;
0.003955;0.007737;0.003373;41.140545;
0.003533;0.007302;0.003348;41.148312;
0.004095;0.007903;0.003384;41.155643;
0.003488;0.007363;0.003434;41.163574;
0.004614;0.008449;0.003427;41.170967;
0.003442;0.007716;0.003847;41.179443;
0.005023;0.008884;0.003401;41.187183;
0.003593;0.007455;0.003398;41.196098;
0.004646;0.008564;0.003459;41.203583;
0.003515;0.007357;0.003391;41.212173;
0.003452;0.008268;0.004347;41.219563;
0.003528;0.007389;0.003409;41.227863;
0.003483;0.008335;0.004396;41.235283;
0.003525;0.007359;0.003389;41.243645;
0.003487;0.008274;0.004344;41.251034;
0.003497;0.007312;0.003346;41.259338;
0.003523;0.007457;0.003411;41.266678;
0.004028;0.007906;0.003457;41.274166;
0.003495;0.007297;0.003393;41.282101;
0.004249;0.008318;0.003477;41.289425;
0.003521;0.007436;0.003414;41.297775;
0.004011;0.007972;0.003501;41.305241;
0.003486;0.007363;0.003380;41.313240;
0.005080;0.009054;0.003445;41.320641;
0.003522;0.007438;0.003473;41.329735;
0.005168;0.009034;0.003414;41.337204;
0.003507;0.007445;0.003398;41.346264;
0.004540;0.008399;0.003421;41.353737;
0.003458;0.007560;0.003446;41.362160;
0.003305;0.008275;0.004328;41.369755;
0.003486;0.007334;0.003408;41.378059;
0.003495;0.008337;0.004305;41.385418;
0.003513;0.007428;0.003391;41.393787;
0.003439;0.008210;0.004331;41.401241;
0.003467;0.007411;0.003425;41.409477;
0.003557;0.007513;0.003446;41.416920;
0.004028;0.007940;0.003450;41.424461;
0.003587;0.007469;0.003374;41.432430;
0.004038;0.007878;0.003356;41.439926;
0.003501;0.007401;0.003402;41.447830;
0.003963;0.007802;0.003433;41.455261;
0.003548;0.007564;0.003512;41.463093;
0.004398;0.008374;0.003410;41.470695;
0.003463;0.007373;0.003495;41.479099;
0.003484;0.008507;0.004361;41.486500;
0.003497;0.007431;0.003491;41.495045;
0.003426;0.008327;0.004367;41.502506;
0.003556;0.007373;0.003436;41.510876;
0.003425;0.008221;0.004368;41.518272;
0.003530;0.007321;0.003379;41.526535;
0.003514;0.007367;0.003369;41.533882;
0.004025;0.007878;0.003447;41.541279;
0.003473;0.007266;0.003346;41.549183;
0.004176;0.007984;0.003379;41.556477;
0.003592;0.007421;0.003368;41.564487;
0.003779;0.007727;0.003479;41.571941;
0.003456;0.007313;0.003394;41.579697;
0.003462;0.008249;0.004356;41.587036;
0.003557;0.007459;0.003437;41.595314;
0.003446;0.008413;0.004505;41.602798;
0.003547;0.007465;0.003413;41.611240;
0.003585;0.008439;0.004393;41.618732;
0.003490;0.007399;0.003450;41.627201;
0.003485;0.008350;0.004448;41.634632;
0.003474;0.007274;0.003368;41.643028;
0.003490;0.007291;0.003368;41.650330;
0.004119;0.007965;0.003384;41.657646;
0.003553;0.007363;0.003405;41.665646;
0.004142;0.008145;0.003516;41.673046;
0.003556;0.007356;0.003364;41.681217;
0.003967;0.007860;0.003434;41.688602;
0.003507;0.007335;0.003371;41.696491;
0.003459;0.008351;0.004413;41.703854;
0.003513;0.007359;0.003372;41.712234;
0.003444;0.008478;0.004324;41.719620;
0.003405;0.007292;0.003454;41.728127;
0.003466;0.008284;0.004320;41.735447;
0.003548;0.007450;0.003485;41.743763;
0.003500;0.007347;0.003409;41.751240;
0.004057;0.007820;0.003385;41.758621;
0.003513;0.007465;0.003416;41.766468;
0.003993;0.008067;0.003462;41.773964;
0.003511;0.007351;0.003348;41.782063;
0.004175;0.007997;0.003419;41.789444;
0.003536;0.007385;0.003388;41.797466;
0.005209;0.009219;0.003431;41.804882;
0.003507;0.007483;0.003482;41.814129;
0.005048;0.009011;0.003490;41.821651;
0.003446;0.007378;0.003418;41.830692;
0.004057;0.008037;0.003528;41.838100;
0.003480;0.007408;0.003459;41.846161;
0.003603;0.008558;0.004487;41.853596;
0.003477;0.007307;0.003418;41.862183;
0.003442;0.008393;0.004376;41.869518;
0.003430;0.007313;0.003439;41.877949;
0.003473;0.007989;0.004103;41.885288;
0.003493;0.007376;0.003407;41.893307;
0.003465;0.007329;0.003415;41.900711;
0.004007;0.007934;0.003414;41.908070;
0.003509;0.007637;0.003559;41.916031;
0.003938;0.007877;0.003477;41.923698;
0.003466;0.007331;0.003410;41.931602;
0.004524;0.008354;0.003395;41.938965;
0.003472;0.007378;0.003449;41.947353;
0.004430;0.008395;0.003413;41.954765;
0.003499;0.007496;0.003448;41.963196;
0.003451;0.008489;0.004619;41.970718;
0.003508;0.007370;0.003400;41.979248;
0.003453;0.008268;0.004341;41.986649;
0.003467;0.007411;0.003505;41.994946;
0.003505;0.008328;0.004319;42.002384;
0.003448;0.007361;0.003435;42.010746;
0.003586;0.007459;0.003373;42.018131;
0.003991;0.007882;0.003476;42.025627;
0.003573;0.007526;0.003437;42.033546;
0.004027;0.007970;0.003441;42.041096;
0.003507;0.007761;0.003490;42.049099;
0.003702;0.007641;0.003420;42.056896;
0.003504;0.007419;0.003439;42.064579;
0.005071;0.008973;0.003450;42.072025;
0.003499;0.007419;0.003485;42.081024;
0.004473;0.008403;0.003429;42.088470;
0.003505;0.007252;0.003338;42.096905;
0.003436;0.008273;0.004340;42.104187;
0.003516;0.007409;0.003419;42.112484;
0.003465;0.008319;0.004402;42.119923;
0.003525;0.007304;0.003406;42.128269;
0.003465;0.008412;0.004386;42.135605;
0.003577;0.007422;0.003403;42.144047;
0.003525;0.007493;0.003376;42.151497;
0.003989;0.007887;0.003401;42.159016;
0.003479;0.007368;0.003444;42.166935;
0.004100;0.007970;0.003489;42.174332;
0.003483;0.007404;0.003467;42.182331;
0.003777;0.007676;0.003443;42.189762;
0.003480;0.007443;0.003440;42.197464;
0.003475;0.008274;0.004374;42.204945;
0.003501;0.007438;0.003430;42.213253;
0.003409;0.008207;0.004329;42.220718;
0.003451;0.007267;0.003347;42.228958;
0.003535;0.008360;0.004327;42.236263;
0.003453;0.007373;0.003422;42.244663;
0.003564;0.007309;0.003326;42.252064;
0.004122;0.007941;0.003370;42.259399;
0.003536;0.007810;0.003511;42.267365;
0.003649;0.007777;0.003555;42.275208;
0.003519;0.007417;0.003384;42.283073;
0.003973;0.007812;0.003390;42.290516;
0.003497;0.007682;0.003414;42.298355;
0.004837;0.008922;0.003508;42.306072;
0.003537;0.007555;0.003565;42.315022;
0.005025;0.008929;0.003447;42.322605;
0.003504;0.007434;0.003420;42.331566;
0.004436;0.008287;0.003403;42.339027;
0.003533;0.007374;0.003408;42.347343;
0.003414;0.008233;0.004356;42.354744;
0.003510;0.007330;0.003385;42.363007;
0.003447;0.008344;0.004345;42.370365;
0.003421;0.007260;0.003360;42.378742;
0.003458;0.008425;0.004513;42.386028;
0.003512;0.007364;0.003399;42.394485;
0.003465;0.007292;0.003405;42.401875;
0.004132;0.007913;0.003395;42.409199;
0.003477;0.007358;0.003434;42.417137;
0.004081;0.007947;0.003442;42.424526;
0.003477;0.007421;0.003421;42.432499;
0.004988;0.008768;0.003335;42.439949;
0.003464;0.007335;0.003446;42.448750;
0.005081;0.008941;0.003412;42.456112;
0.003510;0.007412;0.003427;42.465080;
0.004719;0.008701;0.003464;42.472519;
0.003499;0.007351;0.003389;42.481247;
0.003521;0.008342;0.004334;42.488625;
0.003513;0.007396;0.003412;42.496998;
0.003532;0.008350;0.004352;42.504417;
0.003483;0.007368;0.003446;42.512794;
0.003486;0.008327;0.004384;42.520191;
0.003576;0.007410;0.003415;42.528549;
0.003495;0.007380;0.003381;42.535995;
0.003983;0.007824;0.003408;42.543400;
0.003507;0.007378;0.003404;42.551254;
0.004021;0.007866;0.003393;42.558670;
0.003563;0.007504;0.003448;42.566578;
0.004048;0.007981;0.003393;42.574116;
0.003476;0.007242;0.003368;42.582127;
0.004538;0.008360;0.003376;42.589394;
0.003520;0.007435;0.003463;42.597778;
0.003445;0.008216;0.004312;42.605247;
0.003641;0.007529;0.003416;42.613495;
0.003452;0.008231;0.004330;42.621048;
0.003513;0.007383;0.003445;42.629311;
0.003506;0.008293;0.004346;42.636719;
0.003501;0.007430;0.003503;42.645039;
0.003483;0.007441;0.003415;42.652496;
0.003932;0.007803;0.003356;42.659966;
0.003492;0.007343;0.003370;42.667793;
0.003986;0.007840;0.003437;42.675163;
0.003522;0.007473;0.003571;42.683037;
0.003998;0.007839;0.003385;42.690536;
0.003530;0.007286;0.003345;42.698406;
0.003508;0.008464;0.004345;42.705723;
0.003497;0.007299;0.003384;42.714214;
0.003557;0.008390;0.004347;42.721542;
0.003415;0.007181;0.003414;42.729958;
0.003433;0.008355;0.004308;42.737167;
0.003403;0.007657;0.003805;42.745552;
0.003462;0.008132;0.004198;42.753246;
0.003513;0.007427;0.003488;42.761406;
0.003485;0.007295;0.003414;42.768864;
0.004157;0.008120;0.003495;42.776184;
0.003442;0.007490;0.003462;42.784340;
0.004033;0.007947;0.003427;42.791855;
0.003471;0.007389;0.003464;42.799831;
0.005045;0.008877;0.003422;42.807247;
0.003471;0.007428;0.003403;42.816154;
0.004606;0.008550;0.003484;42.823620;
0.003609;0.007606;0.003528;42.832195;
0.004458;0.008380;0.003423;42.839832;
0.003460;0.007341;0.003422;42.848240;
0.003460;0.008247;0.004315;42.855610;
0.003424;0.007352;0.003467;42.863884;
0.003483;0.008299;0.004401;42.871265;
0.003475;0.007604;0.003442;42.879597;
0.003554;0.008348;0.004297;42.887230;
0.003461;0.007399;0.003433;42.895611;
0.003524;0.007353;0.003438;42.903034;
0.004105;0.008048;0.003474;42.910416;
0.003622;0.007476;0.003388;42.918491;
0.004059;0.008030;0.003382;42.925999;
0.003591;0.007753;0.003578;42.934067;
0.003963;0.007863;0.003408;42.941845;
0.003494;0.007481;0.003559;42.949738;
0.005051;0.009052;0.003558;42.957249;
0.003571;0.007415;0.003421;42.966331;
0.004999;0.009116;0.003532;42.973774;
0.003412;0.007253;0.003455;42.982925;
0.004657;0.008535;0.003409;42.990204;
0.003478;0.007384;0.003504;42.998768;
0.003508;0.008257;0.004257;43.006180;
0.003512;0.007373;0.003394;43.014465;
0.003463;0.008328;0.004356;43.021866;
0.003586;0.007490;0.003417;43.030224;
0.003392;0.008322;0.004410;43.037746;
0.003576;0.007391;0.003382;43.046104;
0.003496;0.007318;0.003340;43.053520;
0.004071;0.007989;0.003443;43.060871;
0.003533;0.007361;0.003397;43.068890;
0.004163;0.007980;0.003437;43.076283;
0.003468;0.007510;0.003542;43.084290;
0.004072;0.007981;0.003418;43.091827;
0.003465;0.007369;0.003453;43.099838;
0.005079;0.008880;0.003382;43.107231;
0.003506;0.007418;0.003468;43.116138;
0.004492;0.008436;0.003459;43.123585;
0.003501;0.007372;0.003427;43.132053;
0.003488;0.008280;0.004355;43.139454;
0.003480;0.007325;0.003385;43.147766;
0.003491;0.008275;0.004341;43.155121;
0.003493;0.007483;0.003496;43.163425;
0.003504;0.008094;0.004085;43.170937;
0.003463;0.007380;0.003436;43.179058;
0.003520;0.007400;0.003351;43.186466;
0.003887;0.007776;0.003374;43.193893;
0.003501;0.007407;0.003397;43.201714;
0.004002;0.007881;0.003421;43.209156;
0.003573;0.007362;0.003357;43.217064;
0.005057;0.008893;0.003391;43.224453;
0.003588;0.007495;0.003410;43.233372;
0.005057;0.008988;0.003415;43.240894;
0.003456;0.007346;0.003465;43.249912;
0.004566;0.008529;0.003426;43.257286;
0.003533;0.007365;0.003390;43.265842;
0.003496;0.008283;0.004348;43.273235;
0.003658;0.007476;0.003384;43.281551;
0.003440;0.008301;0.004334;43.289055;
0.003523;0.007324;0.003397;43.297390;
0.003505;0.008489;0.004376;43.304741;
0.003567;0.007357;0.003366;43.313255;
0.003481;0.007472;0.003464;43.320641;
0.004023;0.007935;0.003427;43.328144;
0.003484;0.007463;0.003444;43.336113;
0.003983;0.007836;0.003450;43.343620;
0.003484;0.007352;0.003380;43.351482;
0.004075;0.007995;0.003455;43.358868;
0.003539;0.007459;0.003458;43.366886;
0.005110;0.009082;0.003510;43.374374;
0.003517;0.007426;0.003439;43.383484;
0.004664;0.008577;0.003453;43.390942;
0.003551;0.007404;0.003365;43.399548;
0.003499;0.008260;0.004320;43.406979;
0.003504;0.007333;0.003404;43.415268;
0.003455;0.008421;0.004347;43.422638;
0.003514;0.007403;0.003451;43.431087;
0.003448;0.008245;0.004337;43.438522;
0.003443;0.007258;0.003398;43.446796;
0.003474;0.007304;0.003404;43.454082;
0.004129;0.007964;0.003436;43.461418;
0.003448;0.007375;0.003405;43.469406;
0.003953;0.007946;0.003550;43.476810;
0.003462;0.007379;0.003432;43.484783;
0.003945;0.007942;0.003430;43.492195;
0.003464;0.007356;0.003391;43.500164;
0.004530;0.008432;0.003437;43.507549;
0.003507;0.007284;0.003363;43.516010;
0.003439;0.008155;0.004327;43.523319;
0.003464;0.007348;0.003411;43.531506;
0.003402;0.008396;0.004547;43.538883;
0.003499;0.007345;0.003409;43.547310;
0.003506;0.008097;0.004111;43.554684;
0.003483;0.007393;0.003472;43.562809;
0.003613;0.007428;0.003374;43.570232;
0.004029;0.008013;0.003454;43.577686;
0.003473;0.007389;0.003479;43.585739;
0.004110;0.007989;0.003363;43.593163;
0.003482;0.007341;0.003424;43.601177;
0.005103;0.008952;0.003373;43.608547;
0.003543;0.007445;0.003415;43.617523;
0.005050;0.009004;0.003451;43.624996;
0.003497;0.007473;0.003470;43.634033;
0.004970;0.008814;0.003391;43.641533;
0.003507;0.007320;0.003385;43.650375;
0.004092;0.008581;0.004044;43.657722;
0.003526;0.007564;0.003571;43.666340;
0.003456;0.008324;0.004451;43.673935;
0.003527;0.007435;0.003413;43.682285;
0.003371;0.008268;0.004362;43.689751;
0.003556;0.007519;0.003446;43.698048;
0.003328;0.008264;0.004397;43.705597;
0.003504;0.007388;0.003452;43.713890;
0.003487;0.007283;0.003372;43.721306;
0.004125;0.008026;0.003450;43.728626;
0.003517;0.007380;0.003344;43.736679;
0.004048;0.007882;0.003392;43.744087;
0.003492;0.007364;0.003391;43.751995;
0.003830;0.007733;0.003467;43.759388;
0.003523;0.007367;0.003427;43.767147;
0.004187;0.008731;0.004058;43.774548;
0.003564;0.007543;0.003431;43.783302;
0.003479;0.008292;0.004380;43.790874;
0.003519;0.007374;0.003387;43.799194;
0.003567;0.008358;0.004357;43.806599;
0.003529;0.007398;0.003453;43.814987;
0.003486;0.008351;0.004385;43.822411;
0.003432;0.007283;0.003387;43.830788;
0.003558;0.007411;0.003342;43.838104;
0.003981;0.007843;0.003401;43.845543;
0.003543;0.007449;0.003384;43.853413;
0.003948;0.007791;0.003414;43.860889;
0.003509;0.007443;0.003445;43.868710;
0.003801;0.007678;0.003359;43.876183;
0.003506;0.007339;0.003422;43.883888;
0.003467;0.008434;0.004397;43.891254;
0.003527;0.007463;0.003507;43.899719;
0.003451;0.008354;0.004353;43.907215;
0.003494;0.007422;0.003466;43.915600;
0.003448;0.008348;0.004405;43.923046;
0.003527;0.007367;0.003409;43.931423;
0.003501;0.008378;0.004418;43.938824;
0.003660;0.007599;0.003448;43.947227;
0.003443;0.007427;0.003424;43.954853;
0.003973;0.007779;0.003364;43.962315;
0.003453;0.007252;0.003406;43.970123;
0.004225;0.008143;0.003490;43.977402;
0.003603;0.007589;0.003392;43.985577;
0.004013;0.007951;0.003456;43.993191;
0.003478;0.007352;0.003433;44.001175;
0.004526;0.008413;0.003432;44.008556;
0.003504;0.007505;0.003536;44.016998;
0.003471;0.008372;0.004415;44.024532;
0.003458;0.007283;0.003402;44.032928;
0.003515;0.008224;0.004286;44.040241;
0.003535;0.007457;0.003395;44.048492;
0.003468;0.008067;0.004080;44.055981;
0.003488;0.007325;0.003392;44.064072;
0.003536;0.007384;0.003387;44.071426;
0.004029;0.007965;0.003452;44.078842;
0.003560;0.007453;0.003474;44.086838;
0.004093;0.007994;0.003452;44.094318;
0.003541;0.007393;0.003391;44.102341;
0.004605;0.008565;0.003499;44.109764;
0.003579;0.007416;0.003408;44.118355;
0.005038;0.009062;0.003520;44.125797;
0.003582;0.007445;0.003424;44.134892;
0.004651;0.008496;0.003395;44.142361;
0.003529;0.007415;0.003452;44.150887;
0.003495;0.008295;0.004348;44.158329;
0.003493;0.007340;0.003382;44.166653;
0.003468;0.008342;0.004366;44.174023;
0.003565;0.007404;0.003415;44.182392;
0.003448;0.008365;0.004341;44.189823;
0.003530;0.007340;0.003410;44.198215;
0.003477;0.007426;0.003397;44.205582;
0.004021;0.008026;0.003514;44.213039;
0.003465;0.007259;0.003391;44.221088;
0.004124;0.007894;0.003395;44.228378;
0.003476;0.007442;0.003425;44.236298;
0.003768;0.007627;0.003409;44.243900;
0.003492;0.007376;0.003416;44.251556;
0.004495;0.008336;0.003434;44.258961;
0.003480;0.007314;0.003360;44.267323;
0.003557;0.008431;0.004335;44.274670;
0.003482;0.007380;0.003483;44.283127;
0.003424;0.008182;0.004327;44.290535;
0.003452;0.007375;0.003386;44.298748;
0.003504;0.008398;0.004432;44.306152;
0.003527;0.007786;0.003814;44.314579;
0.003463;0.007300;0.003378;44.322395;
0.004151;0.008246;0.003558;44.329723;
0.003636;0.007596;0.003382;44.337997;
0.003942;0.007838;0.003468;44.345623;
0.003480;0.007432;0.003414;44.353489;
0.003983;0.007846;0.003401;44.360947;
0.003484;0.007396;0.003468;44.368824;
0.005102;0.008952;0.003444;44.376251;
0.003486;0.007350;0.003426;44.385231;
0.004483;0.008341;0.003392;44.392609;
0.003482;0.007360;0.003443;44.400978;
0.003499;0.008252;0.004351;44.408363;
0.003526;0.007382;0.003337;44.416645;
0.003451;0.008332;0.004418;44.424061;
0.003465;0.007379;0.003441;44.432423;
0.003525;0.008429;0.004461;44.439827;
0.003465;0.007295;0.003384;44.448284;
0.003507;0.007466;0.003439;44.455605;
0.003931;0.007821;0.003381;44.463104;
0.003513;0.007357;0.003428;44.470951;
0.004063;0.007887;0.003389;44.478333;
0.003492;0.007541;0.003523;44.486248;
0.004953;0.008952;0.003479;44.493824;
0.003453;0.007304;0.003411;44.502823;
0.005109;0.008984;0.003317;44.510159;
0.003475;0.007433;0.003485;44.519173;
0.004988;0.008940;0.003495;44.526634;
0.003567;0.007441;0.003386;44.535610;
0.004479;0.008413;0.003491;44.543076;
0.003502;0.007407;0.003414;44.551517;
0.003408;0.008229;0.004336;44.558956;
0.003492;0.007478;0.003509;44.567215;
0.003480;0.008471;0.004425;44.574726;
0.003531;0.007408;0.003453;44.583233;
0.003458;0.008319;0.004346;44.590672;
0.003523;0.007339;0.003416;44.599018;
0.003513;0.007291;0.003367;44.606384;
0.004131;0.007927;0.003390;44.613705;
0.003541;0.007540;0.003364;44.621674;
0.003978;0.007753;0.003370;44.629242;
0.003516;0.007303;0.003401;44.637020;
0.004165;0.008032;0.003428;44.644352;
0.003485;0.007391;0.003424;44.652412;
0.004418;0.008408;0.003503;44.659840;
0.003481;0.007322;0.003430;44.668282;
0.003495;0.008229;0.004274;44.675632;
0.003490;0.007373;0.003388;44.683887;
0.003478;0.008305;0.004389;44.691288;
0.003453;0.007401;0.003432;44.699623;
0.003503;0.008325;0.004371;44.707054;
0.003470;0.007612;0.003526;44.715408;
0.003533;0.007355;0.003386;44.723049;
0.004080;0.007993;0.003449;44.730431;
0.003525;0.007356;0.003370;44.738453;
0.004000;0.007841;0.003389;44.745834;
0.003545;0.007465;0.003410;44.753704;
0.003808;0.007661;0.003418;44.761196;
0.003498;0.007312;0.003409;44.768887;
0.003501;0.008500;0.004350;44.776226;
0.003668;0.007525;0.003376;44.784767;
0.003413;0.008179;0.004328;44.792328;
0.003517;0.007448;0.003434;44.800537;
0.003434;0.008250;0.004299;44.808014;
0.003502;0.007431;0.003503;44.816288;
0.003511;0.008493;0.004492;44.823761;
0.003527;0.007436;0.003469;44.832279;
0.003500;0.007407;0.003378;44.839745;
0.004077;0.007996;0.003404;44.847187;
0.003498;0.007362;0.003341;44.855209;
0.004104;0.007971;0.003436;44.862602;
0.003523;0.007520;0.003469;44.870598;
0.003817;0.007754;0.003480;44.878147;
0.003409;0.007395;0.003487;44.885929;
0.004547;0.008446;0.003421;44.893356;
0.003460;0.007461;0.003506;44.901836;
0.003524;0.008358;0.004341;44.909325;
0.003450;0.007315;0.003384;44.917717;
0.003526;0.008336;0.004377;44.925056;
0.003460;0.007356;0.003418;44.933418;
0.003526;0.008388;0.004424;44.940804;
0.003559;0.007395;0.003372;44.949223;
0.003584;0.007539;0.003387;44.956642;
0.003907;0.007825;0.003409;44.964211;
0.003506;0.007348;0.003413;44.972061;
0.004154;0.008037;0.003436;44.979439;
0.003627;0.007557;0.003394;44.987507;
0.003663;0.007554;0.003486;44.995087;
0.003493;0.007520;0.003532;45.002670;
0.003455;0.008298;0.004356;45.010227;
0.003497;0.007557;0.003493;45.018551;
0.003462;0.008252;0.004332;45.026142;
0.003448;0.007274;0.003391;45.034424;
0.003509;0.008268;0.004306;45.041725;
0.003538;0.007369;0.003424;45.050018;
0.003492;0.008124;0.004193;45.057415;
0.003554;0.007423;0.003418;45.065567;
0.003464;0.007238;0.003366;45.073017;
0.004032;0.007943;0.003480;45.080280;
0.003473;0.007365;0.003468;45.088253;
0.004055;0.007854;0.003378;45.095646;
0.003511;0.007715;0.003782;45.103527;
0.005031;0.009051;0.003443;45.111271;
0.003499;0.007373;0.003427;45.120350;
0.005000;0.008893;0.003398;45.127758;
0.003577;0.007511;0.003519;45.136677;
0.004001;0.007896;0.003407;45.144215;
0.003532;0.007378;0.003400;45.152142;
0.003514;0.008508;0.004370;45.159550;
0.003482;0.007298;0.003388;45.168087;
0.003439;0.008174;0.004318;45.175411;
0.003517;0.007536;0.003468;45.183613;
0.003467;0.008429;0.004477;45.191177;
0.003498;0.007370;0.003418;45.199631;
0.003459;0.007329;0.003417;45.207031;
0.004110;0.007994;0.003453;45.214386;
0.003509;0.007485;0.003433;45.222408;
0.003995;0.007789;0.003412;45.229923;
0.003537;0.007423;0.003419;45.237740;
0.004025;0.007782;0.003365;45.245190;
0.003496;0.007326;0.003308;45.252998;
0.003514;0.008282;0.004350;45.260353;
0.003481;0.007324;0.003382;45.268669;
0.003494;0.008349;0.004391;45.276024;
0.003499;0.007479;0.003474;45.284409;
0.003433;0.008176;0.004322;45.291931;
0.003443;0.007506;0.003587;45.300144;
0.003534;0.007508;0.003447;45.307697;
0.003999;0.008051;0.003445;45.315231;
0.003548;0.007521;0.003397;45.323315;
0.003899;0.007860;0.003490;45.330875;
0.003462;0.007468;0.003414;45.338764;
0.003889;0.007983;0.003477;45.346268;
0.003510;0.007340;0.003403;45.354282;
0.004984;0.008900;0.003437;45.361649;
0.003510;0.007413;0.003418;45.370651;
0.005063;0.008938;0.003395;45.378090;
0.003525;0.007340;0.003409;45.387062;
0.004466;0.008360;0.003388;45.394428;
0.003454;0.007315;0.003439;45.402832;
0.003464;0.008226;0.004335;45.410175;
0.003575;0.007498;0.003430;45.418430;
0.003482;0.008308;0.004315;45.425957;
0.003478;0.007428;0.003521;45.434296;
0.003520;0.008320;0.004202;45.441753;
0.003564;0.007442;0.003443;45.450100;
0.003493;0.007418;0.003378;45.457573;
0.004074;0.007972;0.003373;45.465019;
0.003431;0.007369;0.003418;45.473019;
0.004033;0.007800;0.003321;45.480415;
0.003563;0.007425;0.003389;45.488243;
0.003949;0.007863;0.003504;45.495708;
0.003533;0.007443;0.003419;45.503601;
0.004167;0.008686;0.004103;45.511070;
0.003542;0.007413;0.003436;45.519791;
0.003573;0.008358;0.004330;45.527233;
0.003531;0.007381;0.003369;45.535622;
0.003453;0.008356;0.004322;45.543030;
0.003450;0.007359;0.003415;45.551414;
0.003453;0.008082;0.004096;45.558815;
0.003408;0.007279;0.003410;45.566925;
0.003520;0.007305;0.003371;45.574234;
0.004067;0.007893;0.003380;45.581570;
0.003604;0.007527;0.003410;45.589485;
0.003994;0.007916;0.003438;45.597042;
0.003525;0.007369;0.003395;45.604988;
0.005070;0.008998;0.003453;45.612385;
0.003572;0.007469;0.003453;45.621414;
0.005048;0.008900;0.003420;45.628910;
0.003531;0.007345;0.003436;45.637840;
0.005065;0.009029;0.003423;45.645210;
0.003502;0.007350;0.003417;45.654270;
0.004492;0.008336;0.003354;45.661648;
0.003523;0.007312;0.003371;45.670010;
0.003450;0.008258;0.004343;45.677349;
0.003505;0.007344;0.003403;45.685638;
0.003454;0.008297;0.004391;45.693008;
0.003496;0.007320;0.003394;45.701332;
0.003267;0.008005;0.004034;45.708683;
0.003774;0.007707;0.003522;45.716717;
0.003471;0.007413;0.003297;45.724449;
0.003896;0.007751;0.003468;45.731899;
0.003520;0.007418;0.003374;45.739681;
0.004009;0.007845;0.003352;45.747128;
0.003507;0.007482;0.003451;45.754997;
0.004937;0.008847;0.003497;45.762508;
0.003572;0.007502;0.003418;45.771385;
0.004572;0.008534;0.003492;45.778915;
0.003529;0.007548;0.003504;45.787483;
0.003473;0.008336;0.004413;45.795059;
0.003472;0.007264;0.003375;45.803425;
0.003440;0.008219;0.004320;45.810719;
0.003468;0.007353;0.003444;45.818966;
0.003466;0.008209;0.004344;45.826347;
0.003474;0.007322;0.003419;45.834583;
0.003469;0.007304;0.003455;45.841934;
0.004098;0.007896;0.003356;45.849266;
0.003477;0.007373;0.003371;45.857189;
0.004054;0.007909;0.003443;45.864590;
0.003531;0.007433;0.003406;45.872524;
0.003801;0.008188;0.003903;45.879986;
0.003494;0.007368;0.003427;45.888206;
0.004466;0.008273;0.003392;45.895603;
0.003488;0.007395;0.003374;45.903904;
0.003515;0.008261;0.004318;45.911324;
0.003456;0.007383;0.003424;45.919628;
0.003462;0.008226;0.004316;45.927036;
0.003555;0.007394;0.003406;45.935291;
0.003494;0.008754;0.004840;45.942719;
0.003482;0.007410;0.003435;45.951496;
0.003504;0.007395;0.003377;45.958935;
0.004011;0.008009;0.003569;45.966358;
0.003536;0.007351;0.003392;45.974392;
0.004102;0.008172;0.003473;45.981770;
0.003423;0.007185;0.003360;45.989971;
0.004088;0.007867;0.003341;45.997185;
0.003547;0.007427;0.003437;46.005085;
0.003998;0.007973;0.003440;46.012535;
0.003465;0.007387;0.003456;46.020538;
0.003447;0.008334;0.004388;46.027950;
0.003506;0.007319;0.003409;46.036316;
0.003438;0.008255;0.004301;46.043663;
0.003586;0.007428;0.003409;46.051945;
0.003489;0.008415;0.004470;46.059402;
0.003512;0.007468;0.003481;46.067860;
0.003485;0.007314;0.003392;46.075363;
0.004168;0.007928;0.003371;46.082706;
0.003474;0.007343;0.003406;46.090664;
0.004110;0.008034;0.003450;46.098034;
0.003461;0.007472;0.003483;46.106098;
0.003930;0.007849;0.003462;46.113598;
0.003472;0.007358;0.003431;46.121475;
0.003512;0.008281;0.004342;46.128864;
0.003488;0.007328;0.003398;46.137180;
0.003512;0.008305;0.004345;46.144539;
0.003479;0.007306;0.003369;46.152870;
0.003470;0.008225;0.004334;46.160202;
0.003551;0.007364;0.003343;46.168457;
0.003512;0.007331;0.003394;46.175846;
0.004050;0.007965;0.003401;46.183208;
0.003525;0.007430;0.003498;46.191196;
0.004025;0.008021;0.003522;46.198658;
0.003576;0.007541;0.003343;46.206707;
0.003930;0.007862;0.003406;46.214275;
0.003530;0.007376;0.003424;46.222164;
0.004678;0.008574;0.003394;46.229568;
0.003560;0.007439;0.003475;46.238174;
0.003490;0.008420;0.004428;46.245640;
0.003495;0.007393;0.003432;46.254086;
0.003459;0.008328;0.004377;46.261505;
0.003541;0.007347;0.003376;46.269871;
0.003542;0.008339;0.004318;46.277245;
0.003506;0.007374;0.003462;46.285610;
0.003473;0.007363;0.003409;46.293011;
0.004067;0.007877;0.003415;46.300404;
0.003502;0.007469;0.003387;46.308308;
0.003948;0.007801;0.003424;46.315811;
0.003518;0.007496;0.003342;46.323647;
0.003995;0.007969;0.003409;46.331181;
0.003522;0.007405;0.003444;46.339184;
0.005074;0.008881;0.003406;46.346615;
0.003463;0.007264;0.003386;46.355522;
0.004504;0.008452;0.003470;46.362816;
0.003516;0.007365;0.003422;46.371296;
0.003474;0.008266;0.004304;46.378693;
0.003503;0.007376;0.003393;46.386982;
0.003510;0.008268;0.004339;46.394390;
0.003526;0.007416;0.003378;46.402683;
0.003532;0.008349;0.004411;46.410126;
0.003494;0.007416;0.003374;46.418503;
0.003603;0.007426;0.003392;46.425945;
0.004026;0.007952;0.003466;46.433407;
0.003442;0.007217;0.003371;46.441387;
0.004067;0.007926;0.003391;46.448711;
0.003563;0.007351;0.003376;46.456665;
0.005162;0.009017;0.003377;46.464043;
0.003554;0.007404;0.003414;46.473091;
0.005041;0.008852;0.003350;46.480518;
0.003525;0.007339;0.003397;46.489399;
0.004361;0.008182;0.003344;46.496769;
0.003539;0.007398;0.003447;46.504978;
0.003500;0.008258;0.004302;46.512402;
0.003574;0.007493;0.003459;46.520687;
0.003468;0.008302;0.004363;46.528210;
0.003546;0.007340;0.003352;46.536541;
0.003473;0.007950;0.004033;46.543911;
0.003526;0.007458;0.003490;46.551888;
0.003516;0.007446;0.003406;46.559376;
0.003921;0.007850;0.003527;46.566868;
0.003456;0.007313;0.003382;46.574753;
0.003989;0.007958;0.003466;46.582096;
0.003515;0.007335;0.003397;46.590084;
0.005133;0.009019;0.003462;46.597446;
0.003497;0.007472;0.003442;46.606495;
0.005075;0.008900;0.003376;46.613995;
0.003427;0.007284;0.003419;46.622925;
0.004017;0.007887;0.003382;46.630234;
0.003499;0.007368;0.003418;46.638153;
0.003417;0.008221;0.004364;46.645554;
0.003437;0.007676;0.003844;46.653824;
0.003436;0.008298;0.004395;46.661541;
0.003466;0.007368;0.003447;46.669895;
0.003486;0.008284;0.004367;46.677288;
0.003495;0.007377;0.003430;46.685600;
0.003518;0.007386;0.003359;46.693005;
0.003954;0.007920;0.003400;46.700428;
0.003546;0.007567;0.003463;46.708378;
0.003998;0.007864;0.003437;46.715981;
0.003532;0.007501;0.003476;46.723869;
0.004019;0.007928;0.003474;46.731400;
0.003661;0.007668;0.003453;46.739357;
0.004406;0.008209;0.003396;46.747055;
0.003536;0.007562;0.003503;46.755291;
0.003439;0.008289;0.004344;46.762890;
0.003536;0.007425;0.003401;46.771206;
0.003522;0.008412;0.004381;46.778656;
0.003506;0.007579;0.003578;46.787094;
0.003508;0.008378;0.004357;46.794701;
0.003473;0.007283;0.003336;46.803112;
0.003500;0.007361;0.003345;46.810421;
0.003924;0.007872;0.003389;46.817814;
0.003612;0.007519;0.003391;46.825714;
0.004077;0.007966;0.003416;46.833260;
0.003532;0.007312;0.003385;46.841251;
0.004181;0.008010;0.003394;46.848591;
0.003547;0.007471;0.003452;46.856632;
0.004028;0.007951;0.003437;46.864128;
0.003564;0.007404;0.003378;46.872108;
0.003468;0.008268;0.004318;46.879543;
0.003542;0.007398;0.003418;46.887844;
0.003476;0.008252;0.004343;46.895275;
0.003532;0.007375;0.003392;46.903553;
0.003483;0.008118;0.004070;46.910957;
0.003618;0.007520;0.003443;46.919102;
0.003475;0.007311;0.003414;46.926647;
0.004107;0.007954;0.003439;46.933987;
0.003509;0.007319;0.003353;46.941971;
0.004157;0.007940;0.003374;46.949318;
0.003482;0.007336;0.003417;46.957283;
0.005016;0.008827;0.003358;46.964649;
0.003473;0.007360;0.003421;46.973499;
0.004027;0.008176;0.003445;46.980892;
0.003321;0.007374;0.003472;46.989109;
0.003475;0.008276;0.004338;46.996517;
0.003543;0.007435;0.003358;47.004818;
0.003494;0.008311;0.004353;47.012283;
0.003499;0.007451;0.003435;47.020618;
0.003514;0.008140;0.004050;47.028099;
0.003433;0.007363;0.003421;47.036270;
0.003522;0.007496;0.003441;47.043667;
0.003930;0.007991;0.003492;47.051189;
0.003538;0.007408;0.003444;47.059212;
0.004060;0.007917;0.003400;47.066650;
0.003581;0.007488;0.003435;47.074596;
0.003864;0.007865;0.003477;47.082111;
0.003534;0.007425;0.003427;47.090004;
0.004083;0.008597;0.003999;47.097458;
0.003531;0.007502;0.003449;47.106087;
0.003470;0.008266;0.004333;47.113617;
0.003521;0.007409;0.003470;47.121910;
0.003459;0.008356;0.004431;47.129345;
0.003495;0.007378;0.003412;47.137730;
0.003465;0.008034;0.004071;47.145134;
0.003591;0.007424;0.003416;47.153194;
0.003515;0.007360;0.003338;47.160645;
0.004079;0.007953;0.003375;47.168034;
0.003436;0.007280;0.003436;47.176018;
0.004109;0.007913;0.003387;47.183323;
0.003465;0.007265;0.003381;47.191265;
0.005102;0.009059;0.003544;47.198563;
0.003526;0.007355;0.003421;47.207645;
0.004520;0.008460;0.003419;47.215031;
0.003467;0.007380;0.003433;47.223518;
0.003454;0.008379;0.004410;47.230938;
0.003509;0.007387;0.003455;47.239349;
0.003477;0.008275;0.004331;47.246765;
0.003514;0.007374;0.003404;47.255070;
0.003488;0.008310;0.004392;47.262470;
0.003510;0.007342;0.003359;47.270809;
0.003533;0.008502;0.004547;47.278179;
0.003457;0.007373;0.003432;47.286709;
0.003511;0.007314;0.003356;47.294109;
0.004020;0.007898;0.003424;47.301449;
0.003553;0.007613;0.003425;47.309380;
0.003859;0.007789;0.003442;47.317020;
0.003508;0.007472;0.003371;47.324848;
0.004536;0.008481;0.003483;47.332348;
0.003465;0.007428;0.003432;47.340862;
0.004514;0.008389;0.003429;47.348324;
0.003522;0.007441;0.003438;47.356739;
0.003470;0.008246;0.004362;47.364208;
0.003470;0.007348;0.003412;47.372482;
0.003450;0.008320;0.004362;47.379860;
0.003522;0.007503;0.003498;47.388214;
0.003456;0.008256;0.004320;47.395744;
0.003469;0.007263;0.003379;47.404034;
0.003504;0.007418;0.003431;47.411327;
0.003985;0.007964;0.003572;47.418777;
0.003496;0.007344;0.003347;47.426777;
0.003999;0.007818;0.003401;47.434151;
0.003492;0.007604;0.003730;47.441994;
0.004143;0.008023;0.003436;47.449631;
0.003490;0.007436;0.003412;47.457680;
0.004441;0.008332;0.003424;47.465145;
0.003501;0.007315;0.003398;47.473503;
0.003460;0.008396;0.004394;47.480846;
0.003631;0.007436;0.003416;47.489277;
0.003517;0.008336;0.004324;47.496735;
0.003491;0.007384;0.003447;47.505100;
0.003452;0.008226;0.004300;47.512512;
0.003575;0.007523;0.003421;47.520767;
0.003611;0.007565;0.003362;47.528320;
0.003953;0.007833;0.003462;47.535931;
0.003451;0.007447;0.003377;47.543804;
0.003944;0.007830;0.003412;47.551281;
0.003526;0.007351;0.003373;47.559147;
0.004112;0.008089;0.003481;47.566532;
0.003500;0.007345;0.003380;47.574657;
0.004514;0.008379;0.003427;47.582027;
0.003532;0.007385;0.003373;47.590431;
0.003448;0.008252;0.004301;47.597858;
0.003513;0.007418;0.003445;47.606140;
0.003501;0.008396;0.004436;47.613586;
0.003485;0.007345;0.003388;47.622013;
0.003497;0.008229;0.004298;47.629383;
0.003451;0.007318;0.003423;47.637638;
0.003510;0.007387;0.003386;47.644989;
0.003961;0.007953;0.003492;47.652401;
0.003577;0.007421;0.003358;47.660385;
0.003977;0.007893;0.003460;47.667831;
0.003557;0.007445;0.003409;47.675751;
0.003877;0.007753;0.003383;47.683224;
0.003483;0.007260;0.003383;47.691006;
0.003463;0.008295;0.004406;47.698296;
0.003513;0.007428;0.003421;47.706615;
0.003453;0.008301;0.004400;47.714073;
0.003543;0.007500;0.003496;47.722401;
0.003395;0.008244;0.004346;47.729950;
0.003533;0.007511;0.003559;47.738224;
0.003487;0.007484;0.003349;47.745762;
0.003876;0.007869;0.003470;47.753277;
0.003587;0.007551;0.003413;47.761177;
0.004036;0.007979;0.003468;47.768761;
0.003661;0.007760;0.003424;47.776768;
0.003831;0.007822;0.003545;47.784561;
0.003491;0.007389;0.003424;47.792408;
0.005035;0.008879;0.003414;47.799831;
0.003605;0.007507;0.003380;47.808739;
0.005018;0.008801;0.003359;47.816277;
0.003505;0.007359;0.003385;47.825104;
0.004513;0.008392;0.003438;47.832493;
0.003453;0.007316;0.003396;47.840942;
0.003571;0.008404;0.004396;47.848297;
0.003606;0.007466;0.003388;47.856728;
0.003480;0.008308;0.004387;47.864223;
0.003438;0.007355;0.003433;47.872559;
0.003385;0.008152;0.004286;47.879948;
0.003508;0.007451;0.003423;47.888130;
0.003526;0.007374;0.003374;47.895611;
0.004091;0.008083;0.003430;47.903023;
0.003550;0.007305;0.003359;47.911133;
0.004153;0.008072;0.003448;47.918465;
0.003534;0.007540;0.003463;47.926563;
0.003934;0.007773;0.003395;47.934132;
0.003457;0.007380;0.003537;47.941940;
0.004466;0.008354;0.003409;47.949352;
0.003541;0.007505;0.003480;47.957737;
0.003567;0.008427;0.004400;47.965267;
0.003510;0.007323;0.003394;47.973728;
0.003445;0.008325;0.004356;47.981075;
0.003497;0.007323;0.003421;47.989429;
0.003484;0.008567;0.004474;47.996780;
0.003643;0.007588;0.003482;48.005379;
0.003480;0.007457;0.003437;48.012997;
0.003986;0.007841;0.003466;48.020481;
0.003432;0.007369;0.003405;48.028351;
0.004024;0.007856;0.003439;48.035748;
0.003526;0.007502;0.003360;48.043633;
0.003954;0.007919;0.003461;48.051167;
0.003524;0.007386;0.003381;48.059113;
0.005077;0.008963;0.003445;48.066528;
0.003476;0.007410;0.003431;48.075520;
0.004644;0.008533;0.003469;48.082958;
0.003476;0.007412;0.003433;48.091518;
0.003472;0.008335;0.004387;48.098961;
0.003567;0.007452;0.003428;48.107327;
0.003424;0.008235;0.004300;48.114807;
0.003452;0.007295;0.003414;48.123077;
0.003453;0.008172;0.004319;48.130398;
0.003495;0.007352;0.003410;48.138599;
0.003510;0.007298;0.003380;48.145977;
0.004056;0.007931;0.003481;48.153305;
0.003546;0.007447;0.003396;48.161263;
0.003992;0.007854;0.003395;48.168739;
0.003536;0.007341;0.003382;48.176617;
0.004753;0.008601;0.003414;48.183990;
0.003474;0.007465;0.003449;48.192616;
0.004942;0.008941;0.003416;48.200111;
0.003371;0.007235;0.003401;48.209084;
0.004557;0.008824;0.003795;48.216347;
0.003536;0.007420;0.003458;48.225197;
0.003478;0.008271;0.004332;48.232643;
0.003502;0.007478;0.003450;48.240959;
0.003498;0.008268;0.004341;48.248466;
0.003519;0.007395;0.003386;48.256760;
0.003483;0.008316;0.004403;48.264183;
0.003474;0.007335;0.003404;48.272530;
0.003515;0.007395;0.003342;48.279896;
0.004014;0.007898;0.003377;48.287323;
0.003493;0.007274;0.003356;48.295246;
0.004058;0.007990;0.003427;48.302547;
0.003524;0.007486;0.003385;48.310570;
0.003873;0.007779;0.003443;48.318085;
0.003560;0.007408;0.003414;48.325897;
0.004438;0.008333;0.003425;48.333332;
0.003502;0.007336;0.003398;48.341690;
0.003470;0.008319;0.004377;48.349056;
0.003508;0.007623;0.003631;48.357403;
0.003469;0.008352;0.004390;48.365055;
0.003482;0.007286;0.003389;48.373436;
0.003474;0.007938;0.004030;48.380749;
0.003571;0.007608;0.003487;48.388714;
0.003472;0.007309;0.003398;48.396358;
0.004234;0.008195;0.003530;48.403698;
0.003522;0.007528;0.003448;48.411922;
0.003964;0.007923;0.003502;48.419476;
0.003469;0.007266;0.003366;48.427429;
0.004161;0.007969;0.003391;48.434723;
0.003507;0.007416;0.003425;48.442719;
0.004526;0.008359;0.003418;48.450161;
0.003498;0.007379;0.003437;48.458546;
0.003486;0.008256;0.004324;48.465954;
0.003496;0.007410;0.003427;48.474236;
0.003469;0.008287;0.004361;48.481674;
0.003468;0.007348;0.003412;48.489990;
0.003486;0.008301;0.004408;48.497364;
0.003559;0.007552;0.003451;48.505699;
0.003418;0.007293;0.003357;48.513290;
0.004043;0.007883;0.003388;48.520615;
0.003580;0.007275;0.003326;48.528526;
0.004040;0.007857;0.003404;48.535866;
0.003508;0.007370;0.003398;48.543755;
0.005015;0.009079;0.003488;48.551155;
0.003538;0.007378;0.003392;48.560261;
0.005043;0.008965;0.003457;48.567673;
0.003502;0.007417;0.003467;48.576668;
0.005049;0.008926;0.003375;48.584110;
0.003519;0.007333;0.003437;48.593067;
0.004461;0.008327;0.003448;48.600426;
0.003527;0.007532;0.003544;48.608784;
0.003438;0.008289;0.004407;48.616348;
0.003503;0.007418;0.003423;48.624664;
0.003430;0.008249;0.004369;48.632111;
0.003557;0.007303;0.003368;48.640388;
0.003519;0.008448;0.004444;48.647717;
0.003589;0.007485;0.003473;48.656193;
0.003504;0.007381;0.003373;48.663704;
0.004048;0.007853;0.003379;48.671112;
0.003459;0.007332;0.003356;48.679001;
0.004064;0.007911;0.003427;48.686359;
0.003479;0.007357;0.003371;48.694298;
0.003937;0.007907;0.003354;48.701683;
0.003454;0.007366;0.003442;48.709621;
0.003457;0.008241;0.004328;48.717022;
0.003524;0.007492;0.003452;48.725292;
0.003550;0.008330;0.004319;48.732811;
0.003504;0.007333;0.003341;48.741169;
0.003498;0.008289;0.004360;48.748528;
0.003497;0.007458;0.003373;48.756859;
0.003461;0.007304;0.003451;48.764339;
0.004111;0.008313;0.003619;48.771675;
0.003569;0.007380;0.003335;48.780018;
0.004007;0.007889;0.003345;48.787430;
0.003513;0.007440;0.003421;48.795349;
0.003945;0.007823;0.003440;48.802818;
0.003522;0.007471;0.003424;48.810669;
0.004968;0.008780;0.003336;48.818169;
0.003578;0.007554;0.003507;48.826977;
0.005048;0.008945;0.003406;48.834560;
0.003526;0.007408;0.003440;48.843533;
0.004412;0.008301;0.003416;48.850967;
0.003516;0.007388;0.003472;48.859299;
0.003462;0.008265;0.004335;48.866711;
0.003486;0.007352;0.003440;48.875004;
0.003457;0.008283;0.004373;48.882385;
0.003528;0.007297;0.003357;48.890697;
0.003520;0.008427;0.004479;48.898022;
0.003508;0.007346;0.003424;48.906475;
0.003584;0.007412;0.003351;48.913853;
0.004010;0.007954;0.003436;48.921291;
0.003563;0.007431;0.003391;48.929272;
0.004031;0.007891;0.003404;48.936729;
0.003466;0.007392;0.003434;48.944653;
0.004424;0.008432;0.003537;48.952068;
0.003463;0.007270;0.003406;48.960533;
0.004486;0.008428;0.003421;48.967827;
0.003572;0.007481;0.003441;48.976284;
0.003413;0.008195;0.004321;48.983799;
0.003401;0.007325;0.003361;48.992020;
0.003468;0.008274;0.004373;48.999382;
0.003471;0.007235;0.003355;49.007683;
0.003505;0.007383;0.003344;49.014946;
0.003929;0.008148;0.003790;49.022358;
0.003472;0.007392;0.003367;49.030537;
0.003945;0.007784;0.003393;49.037960;
0.003621;0.007454;0.003344;49.045780;
0.004082;0.008039;0.003399;49.053265;
0.003554;0.007553;0.003377;49.061337;
0.005069;0.009070;0.003534;49.068924;
0.003520;0.008994;0.004927;49.078022;
0.004643;0.008544;0.003459;49.087044;
0.003503;0.007314;0.003377;49.095615;
0.004185;0.008044;0.003425;49.102955;
0.003490;0.007423;0.003481;49.111027;
0.005110;0.008972;0.003414;49.118484;
0.003458;0.007287;0.003361;49.127483;
0.004541;0.008381;0.003374;49.134800;
0.003478;0.007330;0.003391;49.143208;
0.003477;0.008306;0.004378;49.150566;
0.003644;0.007529;0.003431;49.158905;
0.003493;0.008293;0.004386;49.166462;
0.003534;0.007457;0.003403;49.174786;
0.003514;0.008358;0.004394;49.182266;
0.003506;0.007477;0.003464;49.190655;
0.003499;0.007312;0.003392;49.198158;
0.004099;0.007956;0.003403;49.205502;
0.003540;0.007342;0.003367;49.213486;
0.004042;0.007976;0.003492;49.220863;
0.003471;0.007372;0.003479;49.228874;
0.003672;0.007439;0.003378;49.236279;
0.003521;0.007390;0.003382;49.243744;
0.003464;0.008294;0.004359;49.251167;
0.003495;0.007380;0.003442;49.259487;
0.003519;0.008319;0.004320;49.266895;
0.003525;0.007386;0.003374;49.275246;
0.003479;0.008255;0.004325;49.282658;
0.003518;0.007429;0.003413;49.290947;
0.003511;0.007375;0.003308;49.298401;
0.004028;0.007980;0.003382;49.305805;
0.003558;0.007447;0.003352;49.313812;
0.004060;0.007981;0.003444;49.321289;
0.003559;0.007354;0.003383;49.329296;
0.004145;0.007955;0.003373;49.336678;
0.003464;0.007443;0.003453;49.344662;
0.004993;0.008906;0.003383;49.352135;
0.003464;0.007301;0.003383;49.361073;
0.004542;0.008459;0.003478;49.368404;
0.003574;0.007562;0.003460;49.376900;
0.003477;0.008240;0.004295;49.384491;
0.003554;0.007512;0.003393;49.392761;
0.003494;0.008448;0.004406;49.400299;
0.003568;0.007570;0.003423;49.408783;
0.003525;0.008378;0.004280;49.416386;
0.003395;0.007295;0.003391;49.424793;
0.003500;0.007320;0.003438;49.432117;
0.004133;0.008031;0.003419;49.439472;
0.003524;0.007272;0.003347;49.447529;
0.004143;0.008020;0.003418;49.454830;
0.003582;0.007507;0.003393;49.462879;
0.003915;0.007916;0.003464;49.470413;
0.003505;0.007564;0.003512;49.478363;
0.005042;0.008951;0.003385;49.485966;
0.003453;0.007380;0.003448;49.494957;
0.005097;0.009027;0.003501;49.502369;
0.003574;0.007410;0.003409;49.511421;
0.004491;0.008388;0.003427;49.518860;
0.003508;0.007439;0.003545;49.527275;
0.003441;0.008298;0.004343;49.534744;
0.003537;0.007317;0.003367;49.543072;
0.003459;0.008308;0.004401;49.550415;
0.003542;0.007406;0.003425;49.558750;
0.003529;0.008141;0.004091;49.566181;
0.003561;0.007450;0.003406;49.574352;
0.003511;0.007368;0.003351;49.581833;
0.004065;0.007993;0.003419;49.589233;
0.003508;0.007401;0.003384;49.597256;
0.004089;0.008005;0.003498;49.604683;
0.003535;0.007452;0.003365;49.612720;
0.003968;0.007975;0.003474;49.620201;
0.003510;0.007376;0.003384;49.628208;
0.004550;0.008397;0.003389;49.635612;
0.003477;0.007376;0.003444;49.644039;
0.003478;0.008262;0.004365;49.651440;
0.003488;0.007366;0.003468;49.659733;
0.003477;0.008366;0.004491;49.667122;
0.003464;0.007301;0.003394;49.675518;
0.003611;0.008283;0.004237;49.682846;
0.003462;0.007346;0.003424;49.691158;
0.003508;0.007343;0.003362;49.698532;
0.004050;0.008058;0.003556;49.705902;
0.003434;0.007463;0.003417;49.714016;
0.003847;0.007819;0.003467;49.721508;
0.003468;0.007318;0.003428;49.729355;
0.005066;0.008884;0.003398;49.736702;
0.003452;0.007335;0.003451;49.745617;
0.004987;0.008910;0.003364;49.752979;
0.003534;0.007376;0.003401;49.761921;
0.004523;0.008456;0.003409;49.769325;
0.003530;0.007588;0.003433;49.777813;
0.003499;0.008758;0.004700;49.785427;
0.003517;0.007466;0.003472;49.794212;
0.003516;0.008312;0.004352;49.801708;
0.003476;0.007354;0.003394;49.810059;
0.003514;0.008256;0.004319;49.817444;
0.003549;0.007490;0.003420;49.825729;
0.003501;0.008390;0.004356;49.833248;
0.003534;0.007398;0.003365;49.841663;
0.003463;0.007243;0.003371;49.849098;
0.004039;0.008008;0.003452;49.856373;
0.003515;0.007421;0.003430;49.864407;
0.004025;0.007893;0.003424;49.871857;
0.003540;0.007472;0.003405;49.879776;
0.003940;0.007824;0.003394;49.887276;
0.003517;0.007351;0.003415;49.895126;
0.003431;0.008251;0.004363;49.902504;
0.003518;0.007453;0.003463;49.910786;
0.003437;0.008343;0.004383;49.918266;
0.003503;0.007410;0.003422;49.926640;
0.003412;0.008253;0.004315;49.934082;
0.003518;0.007259;0.003362;49.942368;
0.003502;0.007473;0.003397;49.949650;
0.003945;0.007756;0.003397;49.957153;
0.003541;0.007395;0.003345;49.964931;
0.004079;0.008003;0.003375;49.972359;
0.003491;0.007495;0.003555;49.980385;
0.004141;0.008050;0.003462;49.987911;
0.003458;0.007389;0.003479;49.995995;
0.005105;0.009022;0.003478;50.003418;
0.003507;0.007381;0.003444;50.012466;
0.004709;0.008613;0.003419;50.019875;
0.003520;0.007658;0.003534;50.028515;
0.004220;0.008823;0.004093;50.036205;
0.003356;0.007314;0.003412;50.045063;
0.003519;0.008337;0.004347;50.052444;
0.003480;0.007409;0.003413;50.060810;
0.003486;0.008416;0.004408;50.068245;
0.003415;0.007454;0.003469;50.076687;
0.003540;0.008391;0.004388;50.084171;
0.003444;0.007294;0.003356;50.092628;
0.003449;0.007230;0.003355;50.099957;
0.004052;0.007939;0.003360;50.107231;
0.003526;0.007294;0.003349;50.115196;
0.004050;0.007936;0.003407;50.122517;
0.003467;0.007290;0.003384;50.130478;
0.003997;0.007990;0.003492;50.137798;
0.003542;0.007374;0.003373;50.145817;
0.004459;0.008424;0.003409;50.153217;
0.003519;0.007366;0.003430;50.161671;
0.003442;0.008307;0.004395;50.169067;
0.003540;0.007440;0.003474;50.177399;
0.003443;0.008297;0.004339;50.184864;
0.003523;0.007514;0.003442;50.193192;
0.003458;0.008756;0.004823;50.200733;
0.003511;0.007316;0.003389;50.209518;
0.003543;0.007410;0.003392;50.216862;
0.004052;0.007964;0.003405;50.224297;
0.003623;0.007559;0.003400;50.232288;
0.004060;0.007892;0.003397;50.239880;
0.003558;0.007344;0.003317;50.247795;
0.004097;0.007925;0.003350;50.255173;
0.003404;0.007348;0.003416;50.263157;
0.005062;0.008862;0.003390;50.270554;
0.003491;0.007400;0.003425;50.279442;
0.004508;0.008376;0.003340;50.286869;
0.003514;0.007383;0.003420;50.295277;
0.003487;0.008312;0.004389;50.302685;
0.003489;0.007309;0.003379;50.311028;
0.003499;0.008357;0.004411;50.318363;
0.003477;0.007318;0.003411;50.326748;
0.003503;0.008464;0.004454;50.334095;
0.003496;0.007336;0.003392;50.342587;
0.003473;0.007518;0.003361;50.349949;
0.003826;0.007913;0.003472;50.357502;
0.003514;0.007330;0.003381;50.365444;
0.004075;0.007945;0.003415;50.372799;
0.003583;0.007588;0.003349;50.380772;
0.003744;0.007742;0.003420;50.388390;
0.003534;0.007457;0.003506;50.396160;
0.004469;0.008397;0.003422;50.403645;
0.003563;0.007515;0.003431;50.412075;
0.003462;0.008381;0.004396;50.419617;
0.003442;0.007414;0.003505;50.428024;
0.003476;0.008283;0.004333;50.435478;
0.003594;0.007513;0.003380;50.443790;
0.003407;0.008310;0.004404;50.451340;
0.003504;0.007611;0.003480;50.459690;
0.003421;0.007208;0.003314;50.467339;
0.004006;0.007915;0.003431;50.474575;
0.003488;0.007238;0.003362;50.482521;
0.004066;0.007960;0.003451;50.489788;
0.003492;0.007327;0.003397;50.497776;
0.003781;0.007555;0.003385;50.505135;
0.003466;0.007372;0.003419;50.512714;
0.003428;0.008249;0.004363;50.520119;
0.003550;0.007363;0.003411;50.528397;
0.003455;0.008212;0.004318;50.535786;
0.003524;0.007423;0.003461;50.544025;
0.003455;0.008165;0.004306;50.551479;
0.003445;0.007355;0.003449;50.559669;
0.003464;0.007375;0.003411;50.567055;
0.004072;0.008365;0.003841;50.574455;
0.003504;0.007412;0.003389;50.582848;
0.003992;0.007893;0.003459;50.590290;
0.003459;0.007358;0.003380;50.598209;
0.004098;0.008013;0.003477;50.605595;
0.003552;0.007412;0.003398;50.613636;
0.004338;0.008213;0.003387;50.621082;
0.003507;0.007294;0.003365;50.629326;
0.003483;0.008253;0.004379;50.636650;
0.003474;0.007450;0.003460;50.644947;
0.003504;0.008333;0.004405;50.652431;
0.003462;0.007318;0.003404;50.660793;
0.003521;0.008795;0.004844;50.668137;
0.003500;0.007403;0.003385;50.676960;
0.003486;0.007322;0.003421;50.684391;
0.004056;0.007988;0.003491;50.691742;
0.003565;0.007348;0.003368;50.699760;
0.004078;0.008012;0.003422;50.707138;
0.003488;0.007470;0.003474;50.715183;
0.003933;0.007810;0.003365;50.722683;
0.003534;0.007305;0.003372;50.730518;
0.004439;0.008294;0.003420;50.737854;
0.003565;0.007403;0.003441;50.746174;
0.003467;0.008286;0.004339;50.753605;
0.003541;0.007338;0.003396;50.761917;
0.003479;0.008364;0.004403;50.769291;
0.003567;0.007496;0.003413;50.777683;
0.003481;0.008469;0.004448;50.785210;
0.003572;0.007617;0.003479;50.793709;
0.003563;0.008410;0.004270;50.801353;
0.003540;0.007449;0.003425;50.809792;
0.003438;0.007392;0.003407;50.817268;
0.004055;0.007880;0.003390;50.824684;
0.003553;0.007363;0.003372;50.832596;
0.004126;0.007876;0.003371;50.839989;
0.003524;0.007592;0.003513;50.847893;
0.005032;0.008948;0.003466;50.855518;
0.003460;0.007294;0.003353;50.864494;
0.005405;0.009283;0.003424;50.871815;
0.003529;0.007373;0.003388;50.881126;
0.005046;0.009046;0.003411;50.888527;
0.003397;0.007398;0.003455;50.897606;
0.004310;0.008262;0.003483;50.905041;
0.003523;0.007388;0.003385;50.913334;
0.003500;0.008401;0.004385;50.920750;
0.003521;0.007394;0.003372;50.929184;
0.003513;0.008284;0.004344;50.936604;
0.003516;0.007342;0.003380;50.944916;
0.003502;0.008333;0.004383;50.952282;
0.003468;0.007449;0.003450;50.960644;
0.003449;0.007240;0.003296;50.968124;
0.003977;0.007870;0.003415;50.975395;
0.003523;0.007338;0.003382;50.983292;
0.004045;0.007991;0.003484;50.990658;
0.003581;0.007523;0.003410;50.998676;
0.003730;0.007724;0.003493;51.006233;
0.003674;0.007553;0.003450;51.013981;
0.004466;0.008455;0.003483;51.021564;
0.003539;0.007411;0.003453;51.030056;
0.003441;0.008284;0.004321;51.037491;
0.003566;0.007526;0.003477;51.045807;
0.003454;0.008317;0.004377;51.053356;
0.003525;0.007360;0.003431;51.061703;
0.003410;0.007819;0.003965;51.069096;
0.003484;0.007426;0.003443;51.076950;
0.003475;0.007472;0.003360;51.084404;
0.003883;0.007729;0.003387;51.091904;
0.003495;0.007292;0.003375;51.099667;
0.004168;0.007930;0.003367;51.106987;
0.003501;0.007340;0.003340;51.114960;
0.005031;0.009041;0.003437;51.122334;
0.003452;0.007301;0.003400;51.131401;
0.005147;0.008958;0.003387;51.138729;
0.003477;0.007365;0.003451;51.147717;
0.004536;0.008471;0.003489;51.155106;
0.003460;0.007354;0.003428;51.163601;
0.003490;0.008283;0.004376;51.170986;
0.003532;0.007431;0.003443;51.179298;
0.003509;0.008293;0.004355;51.186756;
0.003510;0.007360;0.003390;51.195076;
0.003596;0.008266;0.004179;51.202465;
0.003467;0.007339;0.003404;51.210754;
0.003481;0.007460;0.003465;51.218128;
0.003952;0.007877;0.003465;51.225620;
0.003563;0.007327;0.003362;51.233524;
0.004137;0.007929;0.003374;51.240879;
0.003551;0.007486;0.003387;51.248837;
0.004995;0.008834;0.003367;51.256359;
0.003473;0.007256;0.003383;51.265221;
0.005028;0.009043;0.003486;51.272507;
0.003501;0.007250;0.003332;51.281586;
0.004482;0.008271;0.003357;51.288864;
0.003464;0.007336;0.003496;51.297165;
0.003438;0.008266;0.004370;51.304523;
0.003544;0.007450;0.003415;51.312820;
0.003404;0.008231;0.004387;51.320301;
0.003464;0.007372;0.003530;51.328560;
0.003521;0.008411;0.004408;51.335968;
0.003502;0.007463;0.003486;51.344406;
0.003470;0.007731;0.003837;51.351906;
0.004014;0.007936;0.003428;51.359673;
0.003539;0.007356;0.003397;51.367634;
0.004044;0.007899;0.003411;51.375015;
0.003538;0.007451;0.003357;51.382957;
0.003960;0.007839;0.003392;51.390438;
0.003578;0.007434;0.003414;51.398308;
0.004428;0.008280;0.003413;51.405766;
0.003589;0.007431;0.003424;51.414074;
0.003461;0.008898;0.004920;51.421535;
0.003560;0.007366;0.003420;51.430458;
0.003443;0.008270;0.004342;51.437851;
0.003501;0.007395;0.003438;51.446163;
0.003448;0.008278;0.004400;51.453590;
0.003568;0.007443;0.003391;51.461895;
0.003469;0.008240;0.004143;51.469368;
0.003584;0.007591;0.003519;51.477646;
0.003443;0.007297;0.003418;51.485271;
0.004124;0.007994;0.003373;51.492599;
0.003457;0.007207;0.003335;51.500622;
0.004148;0.007975;0.003420;51.507854;
0.003487;0.007380;0.003370;51.515858;
0.004924;0.008754;0.003375;51.523266;
0.003572;0.007443;0.003423;51.532051;
0.005067;0.008983;0.003393;51.539520;
0.003471;0.007367;0.003435;51.548534;
0.004427;0.008446;0.003531;51.555935;
0.003516;0.007286;0.003328;51.564415;
0.003482;0.008237;0.004323;51.571732;
0.003434;0.007277;0.003385;51.580036;
0.003469;0.008408;0.004467;51.587349;
0.003466;0.007336;0.003383;51.595787;
0.003450;0.008480;0.004504;51.603153;
0.003471;0.007405;0.003436;51.611668;
0.003558;0.007424;0.003341;51.619110;
0.004009;0.007868;0.003394;51.626564;
0.003493;0.007336;0.003429;51.634460;
0.004061;0.007987;0.003475;51.641823;
0.003598;0.007508;0.003431;51.649837;
0.003689;0.007518;0.003360;51.657375;
0.003652;0.007676;0.003564;51.664921;
0.004471;0.008369;0.003388;51.672626;
0.003545;0.007442;0.003403;51.681023;
0.003493;0.008298;0.004336;51.688492;
0.003574;0.007354;0.003365;51.696819;
0.003449;0.008409;0.004397;51.704201;
0.003528;0.007297;0.003357;51.712639;
0.003520;0.008550;0.004489;51.719959;
0.003499;0.007375;0.003442;51.728542;
0.003456;0.007305;0.003421;51.735943;
0.004128;0.008033;0.003489;51.743279;
0.003519;0.007345;0.003399;51.751339;
0.004136;0.007896;0.003340;51.758709;
0.003510;0.007349;0.003373;51.766636;
0.003979;0.007795;0.003350;51.774014;
0.003491;0.007403;0.003439;51.781837;
0.003559;0.008356;0.004333;51.789268;
0.003439;0.007298;0.003376;51.797661;
0.003453;0.008225;0.004336;51.805000;
0.003513;0.007503;0.003418;51.813255;
0.003409;0.008162;0.004290;51.820797;
0.003548;0.007416;0.003462;51.828995;
0.003692;0.007520;0.003374;51.836437;
0.003990;0.007978;0.003512;51.843994;
0.003565;0.007366;0.003371;51.852005;
0.004190;0.008074;0.003423;51.859406;
0.003505;0.007420;0.003394;51.867508;
0.003955;0.007781;0.003385;51.874958;
0.003553;0.007408;0.003346;51.882763;
0.005018;0.008882;0.003410;51.890209;
0.003482;0.007354;0.003407;51.899120;
0.004495;0.008344;0.003378;51.906502;
0.003530;0.007397;0.003435;51.914871;
0.003448;0.008238;0.004335;51.922298;
0.003501;0.007350;0.003430;51.930565;
0.003441;0.008200;0.004300;51.937939;
0.003494;0.007529;0.003486;51.946167;
0.003466;0.008372;0.004410;51.953732;
0.003459;0.007318;0.003474;51.962143;
0.003528;0.007396;0.003388;51.969494;
0.004024;0.008010;0.003584;51.976917;
0.003501;0.007365;0.003394;51.984955;
0.004014;0.008006;0.003413;51.992348;
0.003505;0.007442;0.003511;52.000381;
0.004008;0.008014;0.003550;52.007851;
0.003510;0.007357;0.003329;52.015896;
0.004656;0.008539;0.003420;52.023281;
0.003473;0.007389;0.003448;52.031845;
0.003430;0.008256;0.004356;52.039265;
0.003518;0.007313;0.003384;52.047546;
0.003458;0.008294;0.004368;52.054886;
0.003526;0.007433;0.003472;52.063210;
0.003493;0.007972;0.004056;52.070667;
0.003484;0.007276;0.003382;52.078671;
0.003448;0.007414;0.003385;52.085972;
0.003933;0.007762;0.003351;52.093426;
0.003648;0.007678;0.003467;52.101215;
0.004060;0.007956;0.003426;52.108925;
0.003491;0.007460;0.003431;52.116909;
0.005093;0.008932;0.003365;52.124397;
0.003473;0.007298;0.003422;52.133358;
0.005033;0.009340;0.003871;52.140678;
0.003487;0.007349;0.003353;52.150047;
0.005123;0.009013;0.003383;52.157433;
0.003453;0.007427;0.003460;52.166489;
0.005118;0.008957;0.003429;52.173946;
0.003515;0.007366;0.003377;52.182934;
0.004554;0.008481;0.003439;52.190327;
0.003516;0.007342;0.003375;52.198837;
0.003475;0.008553;0.004380;52.206203;
0.003407;0.007284;0.003399;52.214790;
0.003471;0.008367;0.004365;52.222111;
0.003511;0.007375;0.003453;52.230515;
0.003569;0.008336;0.004309;52.237919;
0.003478;0.007354;0.003452;52.246284;
0.003556;0.007635;0.003320;52.253666;
0.003791;0.007633;0.003398;52.261333;
0.003544;0.007414;0.003370;52.269001;
0.004015;0.007925;0.003470;52.276440;
0.003514;0.007328;0.003392;52.284389;
0.003925;0.007839;0.003464;52.291748;
0.003570;0.007434;0.003439;52.299614;
0.004183;0.008100;0.003423;52.307079;
0.003520;0.007292;0.003357;52.315208;
0.003456;0.008317;0.004362;52.322529;
0.003493;0.007435;0.003461;52.330875;
0.003414;0.008253;0.004380;52.338341;
0.003553;0.007401;0.003432;52.346619;
0.003548;0.007395;0.003388;52.354050;
0.004143;0.007988;0.003379;52.361477;
0.003536;0.007360;0.003405;52.369492;
0.004200;0.008015;0.003416;52.376881;
0.003536;0.007494;0.003392;52.384922;
0.003988;0.007992;0.003440;52.392441;
0.003454;0.007423;0.003499;52.400467;
0.005099;0.008985;0.003466;52.407917;
0.003541;0.007515;0.003384;52.416927;
0.004668;0.008553;0.003418;52.424477;
0.003476;0.007583;0.003485;52.433060;
0.004541;0.008406;0.003410;52.440674;
0.003437;0.007353;0.003401;52.449108;
0.003540;0.008344;0.004379;52.456490;
0.003507;0.007484;0.003445;52.464859;
0.003488;0.008277;0.004351;52.472374;
0.003472;0.007418;0.003513;52.480679;
0.003541;0.008444;0.004413;52.488125;
0.003504;0.007354;0.003408;52.496597;
0.003535;0.007304;0.003358;52.503979;
0.004072;0.008012;0.003422;52.511311;
0.003498;0.007343;0.003422;52.519352;
0.004052;0.007912;0.003416;52.526722;
0.003572;0.007517;0.003471;52.534660;
0.003872;0.007734;0.003426;52.542206;
0.003498;0.007382;0.003399;52.549969;
0.003482;0.008280;0.004335;52.557377;
0.003495;0.007318;0.003397;52.565685;
0.003443;0.008257;0.004332;52.573029;
0.003530;0.007408;0.003476;52.581314;
0.003448;0.008194;0.004294;52.588749;
0.003510;0.007384;0.003435;52.596970;
0.003524;0.007350;0.003413;52.604382;
0.004173;0.007974;0.003403;52.611759;
0.003518;0.007508;0.003392;52.619759;
0.003991;0.007817;0.003416;52.627293;
0.003456;0.007341;0.003407;52.635155;
0.003945;0.007862;0.003409;52.642525;
0.003515;0.007484;0.003492;52.650414;
0.004518;0.008400;0.003428;52.657925;
0.003472;0.007528;0.003582;52.666351;
0.003579;0.008381;0.004349;52.673908;
0.003524;0.007312;0.003355;52.682316;
0.003517;0.008211;0.004285;52.689655;
0.003517;0.007566;0.003439;52.697895;
0.003428;0.008303;0.004450;52.705490;
0.003446;0.007293;0.003423;52.713818;
0.003491;0.007332;0.003410;52.721142;
0.004073;0.008015;0.003397;52.728504;
0.003623;0.007398;0.003383;52.736546;
0.004054;0.007893;0.003429;52.743977;
0.003498;0.007398;0.003449;52.751896;
0.003770;0.007824;0.003539;52.759323;
0.003497;0.007389;0.003473;52.767181;
0.004232;0.008388;0.003492;52.774597;
0.003557;0.007584;0.003542;52.783016;
0.003420;0.008240;0.004331;52.790630;
0.003699;0.007733;0.003572;52.798897;
0.003462;0.008201;0.004287;52.806656;
0.003459;0.007318;0.003440;52.814888;
0.003496;0.008752;0.004740;52.822231;
0.003499;0.007366;0.003441;52.831017;
0.003417;0.007306;0.003377;52.838413;
0.003957;0.007877;0.003461;52.845753;
0.003467;0.007310;0.003410;52.853657;
0.004063;0.007852;0.003386;52.860992;
0.003573;0.007431;0.003374;52.868870;
0.003702;0.007460;0.003348;52.876328;
0.003461;0.007277;0.003397;52.883816;
0.003451;0.008225;0.004319;52.891121;
0.003489;0.007327;0.003415;52.899376;
0.003427;0.008188;0.004335;52.906731;
0.003551;0.007767;0.003780;52.914948;
0.003449;0.008206;0.004318;52.922745;
0.003533;0.007397;0.003453;52.930977;
0.003507;0.007410;0.003406;52.938396;
0.004036;0.007845;0.003411;52.945839;
0.003485;0.007389;0.003395;52.953712;
0.004025;0.007922;0.003483;52.961128;
0.003531;0.007401;0.003435;52.969078;
0.003718;0.007692;0.003509;52.976505;
0.003445;0.007318;0.003415;52.984226;
0.003504;0.008301;0.004360;52.991573;
0.003471;0.007417;0.003461;52.999901;
0.003527;0.008283;0.004329;53.007343;
0.003527;0.007395;0.003424;53.015656;
0.003525;0.008401;0.004311;53.023079;
0.003439;0.007318;0.003434;53.031509;
0.003579;0.008184;0.004087;53.038860;
0.003693;0.007582;0.003454;53.047073;
0.003498;0.007313;0.003384;53.054684;
0.004032;0.007904;0.003434;53.062023;
0.003496;0.007431;0.003416;53.069958;
0.004011;0.007911;0.003396;53.077419;
0.003547;0.007668;0.003528;53.085358;
0.005038;0.008889;0.003392;53.093056;
0.003501;0.007309;0.003415;53.101974;
0.005083;0.008999;0.003371;53.109310;
0.003502;0.007602;0.003589;53.118340;
0.004974;0.008915;0.003474;53.125973;
0.003507;0.007378;0.003447;53.134914;
0.004482;0.008447;0.003473;53.142319;
0.003485;0.007390;0.003490;53.150795;
0.003451;0.008321;0.004341;53.158215;
0.003595;0.007478;0.003453;53.166565;
0.003496;0.008276;0.004293;53.174072;
0.003574;0.007431;0.003451;53.182377;
0.003455;0.008404;0.004350;53.189835;
0.003509;0.007259;0.003373;53.198265;
0.003489;0.007435;0.003409;53.205555;
0.004023;0.007851;0.003415;53.213017;
0.003481;0.007656;0.003401;53.220894;
0.003806;0.007800;0.003497;53.228577;
0.003463;0.007257;0.003372;53.236408;
0.004171;0.007988;0.003395;53.243690;
0.003592;0.007408;0.003369;53.251709;
0.004519;0.008434;0.003448;53.259148;
0.003599;0.007363;0.003308;53.267609;
0.003542;0.008345;0.004343;53.274998;
0.003530;0.007380;0.003420;53.283371;
0.003527;0.008198;0.004288;53.290779;
0.003454;0.007540;0.003348;53.299007;
0.003338;0.007881;0.004045;53.306587;
0.003484;0.007397;0.003459;53.314495;
0.003509;0.007372;0.003395;53.321915;
0.003992;0.007903;0.003436;53.329315;
0.003510;0.007285;0.003367;53.337246;
0.004061;0.007954;0.003432;53.344563;
0.003527;0.007583;0.003529;53.352539;
0.004921;0.008786;0.003403;53.360165;
0.003516;0.007613;0.003584;53.368984;
0.005106;0.009003;0.003388;53.376625;
0.003521;0.007437;0.003456;53.385654;
0.005034;0.008831;0.003356;53.393116;
0.003504;0.007298;0.003400;53.401978;
0.004477;0.008512;0.003540;53.409302;
0.003575;0.007617;0.003501;53.417843;
0.003413;0.008333;0.004354;53.425488;
0.003553;0.007567;0.003468;53.433853;
0.003349;0.008206;0.004374;53.441452;
0.003585;0.007372;0.003385;53.449684;
0.003452;0.008259;0.004326;53.457085;
0.003612;0.007527;0.003468;53.465374;
0.003455;0.007483;0.003441;53.472927;
0.003953;0.007763;0.003378;53.480438;
0.003490;0.007367;0.003422;53.488239;
0.004100;0.008043;0.003529;53.495628;
0.003478;0.007466;0.003392;53.503700;
0.003973;0.007805;0.003434;53.511200;
0.003539;0.007477;0.003462;53.519039;
0.005156;0.008975;0.003385;53.526550;
0.003464;0.007389;0.003439;53.535553;
0.004484;0.008350;0.003441;53.542965;
0.003474;0.007438;0.003490;53.551346;
0.003526;0.008322;0.004347;53.558811;
0.003452;0.007439;0.003511;53.567184;
0.003513;0.008245;0.004309;53.574657;
0.003466;0.007351;0.003453;53.582932;
0.003553;0.008063;0.004022;53.590313;
0.003462;0.007399;0.003510;53.598400;
0.003578;0.007435;0.003369;53.605827;
0.004027;0.007954;0.003431;53.613293;
0.003445;0.007323;0.003377;53.621277;
0.003992;0.007901;0.003360;53.628624;
0.003517;0.007365;0.003425;53.636555;
0.005028;0.008880;0.003413;53.643948;
0.003456;0.007312;0.003425;53.652855;
0.005047;0.008869;0.003368;53.660206;
0.003524;0.007362;0.003392;53.669109;
0.004501;0.008431;0.003495;53.676506;
0.003530;0.007368;0.003388;53.684967;
0.003464;0.008515;0.004623;53.692364;
0.003501;0.007436;0.003453;53.700905;
0.003528;0.008525;0.004503;53.708366;
0.003451;0.007281;0.003377;53.716927;
0.003451;0.008315;0.004421;53.724236;
0.003421;0.007364;0.003543;53.732582;
0.003536;0.007445;0.003338;53.739971;
0.003903;0.007784;0.003394;53.747444;
0.003553;0.007440;0.003391;53.755260;
0.003974;0.007806;0.003364;53.762730;
0.005262;0.009212;0.003412;53.770569;
0.003964;0.007990;0.003513;53.779808;
0.003536;0.007546;0.003453;53.787823;
0.003937;0.007839;0.003417;53.795399;
0.003514;0.007310;0.003385;53.803265;
0.005063;0.008907;0.003391;53.810608;
0.003517;0.007350;0.003414;53.819542;
0.004501;0.008380;0.003416;53.826920;
0.003513;0.007382;0.003441;53.835327;
0.003454;0.008292;0.004364;53.842739;
0.003516;0.007426;0.003407;53.851055;
0.003461;0.008285;0.004360;53.858521;
0.003488;0.007378;0.003455;53.866833;
0.003448;0.008040;0.004071;53.874241;
0.003508;0.007344;0.003427;53.882313;
0.003576;0.007436;0.003356;53.889683;
0.003987;0.007899;0.003511;53.897148;
0.003442;0.007344;0.003374;53.905083;
0.004022;0.007792;0.003374;53.912457;
0.003465;0.007385;0.003374;53.920277;
0.005044;0.008888;0.003388;53.927689;
0.003480;0.007354;0.003437;53.936604;
0.005041;0.008825;0.003362;53.943985;
0.003464;0.007326;0.003426;53.952839;
0.004306;0.008209;0.003439;53.960194;
0.003518;0.007448;0.003464;53.968426;
0.003495;0.008310;0.004301;53.975903;
0.003430;0.007391;0.003389;53.984253;
0.003499;0.008267;0.004293;53.991669;
0.003464;0.007336;0.003429;53.999966;
0.003576;0.008244;0.004211;54.007328;
0.003485;0.007284;0.003383;54.015598;
0.003487;0.007353;0.003369;54.022911;
0.004000;0.007953;0.003470;54.030293;
0.003511;0.007454;0.003433;54.038273;
0.003924;0.007795;0.003417;54.045757;
0.003515;0.007422;0.003439;54.053581;
0.005019;0.008880;0.003394;54.061028;
0.003600;0.007735;0.003656;54.069939;
0.005082;0.009091;0.003534;54.077698;
0.003526;0.007448;0.003424;54.086819;
0.004436;0.008482;0.003536;54.094303;
0.003525;0.007351;0.003425;54.102810;
0.003470;0.008387;0.004398;54.110191;
0.003505;0.007296;0.003374;54.118607;
0.003453;0.008396;0.004336;54.125931;
0.003552;0.007610;0.003478;54.134354;
0.003433;0.008274;0.004368;54.141991;
0.003370;0.007235;0.003407;54.150398;
0.003527;0.007385;0.003351;54.157661;
0.004052;0.007934;0.003459;54.165073;
0.003490;0.007608;0.003367;54.173038;
0.003829;0.007762;0.003467;54.180683;
0.003522;0.007298;0.003342;54.188469;
0.004156;0.007963;0.003360;54.195801;
0.003477;0.007340;0.003412;54.203789;
0.005058;0.008886;0.003380;54.211159;
0.003459;0.007387;0.003435;54.220070;
0.004528;0.008458;0.003503;54.227493;
0.003496;0.007348;0.003389;54.235981;
0.003477;0.008270;0.004353;54.243355;
0.003539;0.007474;0.003452;54.251659;
0.003476;0.008300;0.004333;54.259167;
0.003486;0.007395;0.003339;54.267494;
0.003441;0.008801;0.004803;54.274925;
0.003554;0.007566;0.003430;54.283756;
0.003450;0.008096;0.004135;54.291348;
0.003677;0.007528;0.003410;54.299480;
0.003514;0.007422;0.003411;54.307037;
0.004002;0.007951;0.003424;54.314491;
0.003524;0.007332;0.003392;54.322468;
0.004082;0.007927;0.003402;54.329826;
0.003542;0.007380;0.003432;54.337784;
0.005075;0.008991;0.003397;54.345200;
0.003509;0.007444;0.003489;54.354225;
0.005126;0.008959;0.003365;54.361706;
0.003515;0.007291;0.003372;54.370689;
0.004637;0.008467;0.003389;54.378010;
0.003495;0.007376;0.003465;54.386501;
0.003456;0.008333;0.004395;54.393909;
0.003464;0.007368;0.003408;54.402271;
0.003451;0.008259;0.004370;54.409664;
0.003468;0.007292;0.003393;54.417953;
0.003467;0.008152;0.004127;54.425274;
0.003475;0.007320;0.003413;54.433453;
0.003468;0.007342;0.003436;54.440804;
0.004044;0.007888;0.003458;54.448174;
0.003497;0.007389;0.003343;54.456093;
0.003943;0.007957;0.003440;54.463516;
0.003492;0.007468;0.003444;54.471497;
0.005041;0.008907;0.003426;54.478996;
0.003464;0.007679;0.003826;54.487942;
0.004601;0.008537;0.003367;54.495651;
0.003568;0.007432;0.003389;54.504223;
0.004619;0.008419;0.003368;54.511684;
0.003525;0.007362;0.003347;54.520134;
0.003469;0.008276;0.004363;54.527519;
0.003553;0.007390;0.003371;54.535824;
0.003430;0.008296;0.004423;54.543255;
0.003530;0.007319;0.003373;54.551575;
0.003474;0.008221;0.004301;54.558922;
0.003507;0.007366;0.003413;54.567173;
0.003494;0.007324;0.003381;54.574566;
0.004131;0.007920;0.003379;54.581917;
0.003512;0.007423;0.003350;54.589863;
0.004068;0.007941;0.003418;54.597317;
0.003456;0.007345;0.003439;54.605286;
0.004019;0.007955;0.003474;54.612659;
0.003519;0.007407;0.003390;54.620644;
0.004525;0.008461;0.003448;54.628075;
0.003474;0.007364;0.003425;54.636566;
0.003473;0.008357;0.004343;54.643955;
0.003416;0.007353;0.003511;54.652344;
0.003486;0.008311;0.004324;54.659725;
0.003510;0.007399;0.003395;54.668064;
0.003519;0.008452;0.004482;54.675488;
0.003500;0.007321;0.003365;54.683971;
0.003542;0.007338;0.003365;54.691322;
0.004099;0.007923;0.003372;54.698689;
0.003533;0.007425;0.003395;54.706642;
0.004053;0.007988;0.003443;54.714092;
0.003583;0.007508;0.003342;54.722115;
0.003940;0.007920;0.003381;54.729649;
0.003523;0.007363;0.003399;54.737595;
0.004521;0.008528;0.003428;54.744987;
0.003500;0.007407;0.003497;54.753544;
0.003436;0.008206;0.004332;54.760979;
0.003547;0.007400;0.003381;54.769222;
0.003471;0.008416;0.004422;54.776653;
0.003438;0.007312;0.003381;54.785095;
0.003473;0.008379;0.004441;54.792439;
0.003578;0.007520;0.003468;54.800846;
0.003447;0.007288;0.003408;54.808395;
0.004101;0.007933;0.003410;54.815708;
0.003480;0.007247;0.003368;54.823669;
0.004165;0.008119;0.003526;54.830948;
0.003496;0.007352;0.003368;54.839092;
0.003976;0.007898;0.003354;54.846474;
0.003537;0.007446;0.003474;54.854401;
0.004508;0.008338;0.003369;54.861874;
0.003499;0.007330;0.003359;54.870247;
0.003484;0.008296;0.004301;54.877605;
0.003431;0.007355;0.003400;54.885929;
0.003424;0.008301;0.004305;54.893314;
0.003461;0.007228;0.003363;54.901646;
0.003517;0.007487;0.003423;54.908897;
0.003935;0.007818;0.003395;54.916416;
0.003495;0.007437;0.003465;54.924263;
0.004027;0.007869;0.003378;54.931728;
0.003495;0.007248;0.003389;54.939629;
0.004161;0.008164;0.003496;54.946903;
0.003495;0.007343;0.003394;54.955093;
0.004723;0.008582;0.003407;54.962463;
0.003505;0.007389;0.003396;54.971073;
0.003467;0.008295;0.004380;54.978493;
0.003506;0.007395;0.003427;54.986816;
0.003441;0.008337;0.004343;54.994240;
0.003595;0.007401;0.003397;55.002602;
0.003438;0.008239;0.004296;55.010033;
0.003514;0.007337;0.003388;55.018303;
0.003584;0.007409;0.003396;55.025665;
0.004106;0.008018;0.003474;55.033100;
0.003535;0.007507;0.003340;55.041149;
0.003891;0.007774;0.003381;55.048691;
0.003476;0.007498;0.003439;55.056499;
0.003944;0.007722;0.003366;55.064030;
0.003446;0.007323;0.003431;55.071777;
0.004501;0.008398;0.003373;55.079136;
0.003509;0.007388;0.003447;55.087559;
0.003522;0.008457;0.004411;55.094975;
0.003561;0.007570;0.003505;55.103462;
0.003485;0.008338;0.004327;55.111061;
0.003449;0.007392;0.003442;55.119431;
0.003455;0.008303;0.004403;55.126854;
0.003460;0.007262;0.003362;55.135185;
0.003507;0.007401;0.003360;55.142475;
0.004011;0.007931;0.003480;55.149906;
0.003502;0.007326;0.003397;55.157867;
0.004080;0.007943;0.003450;55.165222;
0.003514;0.007542;0.003459;55.173203;
0.003767;0.007709;0.003390;55.180775;
0.003471;0.007394;0.003453;55.188515;
0.004511;0.008454;0.003428;55.195946;
0.003460;0.007376;0.003500;55.204430;
0.003452;0.008230;0.004369;55.211834;
0.003486;0.007538;0.003445;55.220093;
0.003438;0.008203;0.004335;55.227657;
0.003460;0.007232;0.003368;55.235886;
0.003542;0.008381;0.004378;55.243145;
0.003504;0.007330;0.003399;55.251556;
0.003477;0.007260;0.003371;55.258911;
0.004050;0.007857;0.003398;55.266216;
0.003635;0.007997;0.003816;55.274117;
0.003953;0.007885;0.003462;55.282146;
0.003513;0.007588;0.003431;55.290066;
0.003844;0.007935;0.003485;55.297680;
0.003521;0.007354;0.003423;55.305641;
0.004093;0.008034;0.003475;55.313023;
0.003530;0.007438;0.003371;55.321083;
0.003399;0.008252;0.004361;55.328556;
0.003489;0.007410;0.003489;55.336834;
0.003449;0.008319;0.004346;55.344273;
0.003473;0.007378;0.003402;55.352623;
0.003484;0.008389;0.004409;55.360027;
0.003499;0.007235;0.003319;55.368446;
0.003489;0.007578;0.003395;55.375710;
0.003862;0.007685;0.003371;55.383316;
0.003447;0.007427;0.003353;55.391033;
0.003855;0.007647;0.003343;55.398491;
0.003470;0.007404;0.003371;55.406174;
0.005085;0.008933;0.003429;55.413609;
0.003498;0.007366;0.003394;55.422569;
0.005054;0.008945;0.003463;55.429966;
0.003474;0.007364;0.003434;55.438938;
0.004478;0.008255;0.003344;55.446331;
0.003538;0.007391;0.003412;55.454620;
0.003532;0.008400;0.004376;55.462040;
0.003479;0.007334;0.003394;55.470467;
0.003566;0.008347;0.004309;55.477829;
0.003521;0.007561;0.003452;55.486206;
0.003578;0.008146;0.004112;55.493793;
0.003454;0.007413;0.003471;55.501968;
0.003471;0.007282;0.003418;55.509411;
0.004081;0.007967;0.003453;55.516727;
0.003503;0.007254;0.003369;55.524727;
0.004106;0.007957;0.003351;55.532009;
0.003541;0.007399;0.003393;55.539993;
0.005041;0.008933;0.003422;55.547424;
0.003566;0.007468;0.003454;55.556381;
0.005091;0.008953;0.003394;55.563877;
0.003588;0.007392;0.003355;55.572861;
0.004589;0.008440;0.003397;55.580280;
0.003522;0.007390;0.003439;55.588753;
0.003518;0.008370;0.004358;55.596169;
0.003518;0.007341;0.003398;55.604565;
0.003484;0.008377;0.004405;55.611935;
0.003483;0.007387;0.003510;55.620338;
0.003432;0.008253;0.004349;55.627754;
0.003523;0.007383;0.003453;55.636036;
0.003489;0.007341;0.003370;55.643448;
0.004023;0.007849;0.003442;55.650814;
0.003551;0.007437;0.003396;55.658691;
0.004074;0.007941;0.003439;55.666157;
0.003477;0.007482;0.003343;55.674126;
0.003593;0.007338;0.003308;55.681641;
0.003498;0.007372;0.003394;55.689007;
0.003611;0.008466;0.004404;55.696415;
0.003485;0.007523;0.003508;55.704910;
0.003484;0.008337;0.004446;55.712463;
0.003507;0.007508;0.003443;55.720829;
0.003483;0.008292;0.004350;55.728367;
0.003562;0.007393;0.003403;55.736687;
0.003588;0.008428;0.004389;55.744110;
0.003506;0.007318;0.003398;55.752567;
0.003503;0.007268;0.003387;55.759914;
0.004114;0.007993;0.003451;55.767216;
0.003493;0.007552;0.003379;55.775234;
0.003876;0.007943;0.003445;55.782818;
0.003602;0.007383;0.003385;55.790791;
0.003908;0.007853;0.003503;55.798203;
0.003561;0.007472;0.003398;55.806091;
0.003457;0.008331;0.004410;55.813587;
0.003548;0.007382;0.003398;55.821949;
0.003445;0.008173;0.004284;55.829357;
0.003569;0.007470;0.003473;55.837559;
0.003449;0.008227;0.004314;55.845055;
0.003488;0.007303;0.003383;55.853310;
0.003560;0.007490;0.003486;55.860645;
0.004138;0.008010;0.003380;55.868164;
0.003420;0.007249;0.003407;55.876213;
0.004118;0.008194;0.003451;55.883488;
0.003550;0.007356;0.003366;55.891712;
0.004089;0.007932;0.003424;55.899097;
0.003468;0.007392;0.003436;55.907055;
0.005117;0.008967;0.003396;55.914474;
0.003510;0.007499;0.003513;55.923470;
0.005100;0.009005;0.003503;55.931000;
0.003450;0.007375;0.003496;55.940033;
0.004502;0.008295;0.003409;55.947433;
0.003470;0.007351;0.003412;55.955753;
0.003458;0.008283;0.004346;55.963135;
0.003462;0.007242;0.003356;55.971447;
0.003437;0.008260;0.004372;55.978718;
0.003487;0.007418;0.003415;55.987003;
0.003406;0.007295;0.003324;55.994453;
0.003897;0.007783;0.003324;56.001778;
0.003439;0.007286;0.003342;56.009594;
0.003973;0.007826;0.003424;56.016911;
0.003492;0.007348;0.003426;56.024765;
0.003787;0.007665;0.003443;56.032139;
0.003468;0.007295;0.003424;56.039829;
0.003527;0.008538;0.004594;56.047153;
0.003576;0.007507;0.003459;56.055717;
0.003507;0.008283;0.004297;56.063251;
0.003478;0.007291;0.003355;56.071564;
0.003504;0.008233;0.004313;56.078880;
0.003479;0.007450;0.003424;56.087139;
0.003549;0.008056;0.004088;56.094620;
0.003497;0.007308;0.003397;56.102703;
0.003564;0.007455;0.003424;56.110039;
0.003873;0.007872;0.003452;56.117523;
0.003493;0.007449;0.003421;56.125423;
0.003964;0.007805;0.003393;56.132900;
0.003505;0.007494;0.003505;56.140728;
0.005057;0.008970;0.003428;56.148262;
0.003492;0.007557;0.003428;56.157276;
0.005042;0.008911;0.003378;56.164921;
0.003532;0.007401;0.003429;56.173862;
0.004466;0.008490;0.003526;56.181313;
0.003561;0.007478;0.003462;56.189835;
0.003490;0.008308;0.004302;56.197338;
0.003533;0.007344;0.003422;56.205677;
0.003455;0.008297;0.004393;56.213047;
0.003487;0.007435;0.003522;56.221371;
0.003485;0.008384;0.004398;56.228836;
0.003526;0.007407;0.003444;56.237251;
0.003492;0.007283;0.003384;56.244690;
0.004140;0.008098;0.003501;56.252003;
0.003370;0.007320;0.003386;56.260128;
0.004006;0.007810;0.003355;56.267609;
0.003545;0.007571;0.003431;56.275448;
0.004014;0.007892;0.003468;56.283047;
0.003480;0.007418;0.003388;56.290970;
0.005082;0.009022;0.003349;56.298412;
0.003386;0.007301;0.003411;56.307468;
0.004494;0.008283;0.003380;56.314800;
0.003445;0.007362;0.003376;56.323109;
0.003469;0.008243;0.004347;56.330498;
0.003484;0.007325;0.003440;56.338768;
0.003484;0.008492;0.004413;56.346119;
0.003436;0.007350;0.003454;56.354652;
0.003545;0.008394;0.004405;56.362038;
0.003441;0.007382;0.003413;56.370461;
0.003515;0.007303;0.003377;56.377869;
0.004088;0.008026;0.003429;56.385201;
0.003447;0.007417;0.003408;56.393253;
0.004060;0.007910;0.003377;56.400703;
0.003509;0.007416;0.003437;56.408642;
0.003809;0.007689;0.003435;56.416084;
0.003533;0.007377;0.003410;56.423801;
0.003490;0.008330;0.004355;56.431213;
0.003554;0.007378;0.003395;56.439571;
0.003490;0.008327;0.004339;56.446976;
0.003450;0.007297;0.003397;56.455338;
0.003476;0.008258;0.004328;56.462669;
0.003516;0.007640;0.003596;56.470955;
0.003480;0.007511;0.003492;56.478626;
0.004008;0.007991;0.003567;56.486164;
0.003543;0.007395;0.003328;56.494186;
0.004094;0.008002;0.003412;56.501606;
0.003507;0.007407;0.003461;56.509636;
0.004144;0.008005;0.003430;56.517071;
0.003528;0.007621;0.003551;56.525105;
0.005016;0.008911;0.003424;56.532753;
0.003517;0.007519;0.003472;56.541695;
0.004979;0.008852;0.003465;56.549244;
0.003496;0.007460;0.003436;56.558125;
0.005082;0.008967;0.003439;56.565609;
0.003522;0.007337;0.003374;56.574608;
0.004571;0.008485;0.003430;56.581970;
0.003482;0.007464;0.003491;56.590485;
0.003516;0.008238;0.004295;56.597973;
0.003491;0.007351;0.003362;56.606239;
0.003477;0.008275;0.004357;56.613617;
0.003459;0.007262;0.003354;56.621922;
0.003526;0.007959;0.003997;56.629211;
0.003527;0.007395;0.003401;56.637211;
0.003532;0.007289;0.003368;56.644638;
0.004170;0.008006;0.003419;56.651955;
0.003555;0.007360;0.003391;56.659988;
0.004039;0.007949;0.003456;56.667385;
0.003508;0.007469;0.003405;56.675365;
0.005007;0.009028;0.003429;56.682865;
0.003525;0.007534;0.003444;56.691921;
0.004891;0.008675;0.003355;56.699482;
0.003560;0.007555;0.003406;56.708187;
0.005111;0.009128;0.003584;56.715778;
0.003478;0.007363;0.003446;56.724934;
0.004486;0.008325;0.003374;56.732327;
0.003515;0.007375;0.003467;56.740681;
0.003451;0.008293;0.004384;56.748085;
0.003471;0.007293;0.003404;56.756401;
0.003451;0.008199;0.004324;56.763725;
0.003486;0.007354;0.003445;56.771950;
0.003424;0.008461;0.004492;56.779335;
0.003501;0.007346;0.003415;56.787830;
0.003462;0.007383;0.003376;56.795208;
0.003937;0.007970;0.003520;56.802616;
0.003495;0.007478;0.003459;56.810619;
0.003971;0.007848;0.003449;56.818123;
0.003454;0.007786;0.003830;56.825996;
0.004007;0.007982;0.003485;56.833813;
0.003536;0.007396;0.003439;56.841820;
0.004507;0.008467;0.003395;56.849247;
0.003514;0.007366;0.003430;56.857746;
0.003477;0.008276;0.004356;56.865143;
0.003492;0.007300;0.003351;56.873451;
0.003506;0.008330;0.004321;56.880775;
0.003518;0.007451;0.003431;56.889137;
0.003555;0.008411;0.004393;56.896614;
0.003510;0.007422;0.003447;56.905052;
0.003591;0.007468;0.003407;56.912502;
0.004158;0.007986;0.003422;56.920002;
0.003507;0.007453;0.003353;56.928013;
0.004007;0.007863;0.003388;56.935493;
0.003451;0.007328;0.003432;56.943394;
0.004067;0.007892;0.003391;56.950748;
0.003522;0.007587;0.003558;56.958668;
0.005059;0.008892;0.003391;56.966286;
0.003495;0.007386;0.003376;56.975208;
0.004521;0.008452;0.003529;56.982624;
0.003490;0.007416;0.003437;56.991104;
0.003505;0.008273;0.004332;56.998550;
0.003487;0.007412;0.003448;57.006851;
0.003471;0.008496;0.004354;57.014294;
0.003543;0.007364;0.003373;57.022823;
0.003511;0.008316;0.004323;57.030220;
0.003482;0.007300;0.003378;57.038563;
0.003478;0.007273;0.003352;57.045895;
0.004025;0.008033;0.003538;57.053192;
0.003587;0.007385;0.003368;57.061253;
0.004067;0.007934;0.003404;57.068668;
0.003466;0.007507;0.003469;57.076633;
0.003779;0.007727;0.003466;57.084167;
0.003511;0.007372;0.003443;57.091923;
0.003430;0.008269;0.004350;57.099342;
0.003544;0.007341;0.003411;57.107639;
0.003453;0.008427;0.004460;57.115013;
0.003465;0.007503;0.003390;57.123466;
0.003300;0.008185;0.004334;57.131004;
0.003532;0.007567;0.003503;57.139217;
0.003536;0.008319;0.004350;57.146812;
0.003587;0.007407;0.003356;57.155159;
0.003506;0.007316;0.003373;57.162594;
0.004111;0.008135;0.003492;57.169941;
0.003486;0.007435;0.003344;57.178104;
0.004001;0.007804;0.003382;57.185570;
0.003492;0.007437;0.003383;57.193401;
0.004053;0.007881;0.003367;57.200871;
0.003489;0.007337;0.003412;57.208778;
0.004175;0.008636;0.004031;57.216141;
0.003526;0.007320;0.003362;57.224804;
0.003608;0.008425;0.004405;57.232155;
0.003528;0.007537;0.003566;57.240608;
0.003488;0.008404;0.004402;57.248173;
0.003472;0.007413;0.003452;57.256603;
0.003492;0.008268;0.004343;57.264042;
0.003486;0.007336;0.003383;57.272346;
0.003502;0.007383;0.003405;57.279716;
0.003984;0.007931;0.003431;57.287128;
0.003560;0.007495;0.003371;57.295090;
0.003898;0.007979;0.003520;57.302612;
0.003569;0.007547;0.003507;57.310623;
0.004029;0.007905;0.003438;57.318195;
0.003522;0.007401;0.003407;57.326130;
0.005111;0.009011;0.003393;57.333557;
0.003528;0.007493;0.003363;57.342598;
0.004336;0.008265;0.003420;57.350121;
0.003480;0.007424;0.003483;57.358414;
0.003461;0.008213;0.004295;57.365868;
0.003501;0.007370;0.003385;57.374107;
0.003453;0.008328;0.004356;57.381504;
0.003516;0.007460;0.003494;57.389862;
0.003437;0.008394;0.004426;57.397362;
0.003533;0.007324;0.003376;57.405785;
0.003541;0.007364;0.003391;57.413136;
0.004139;0.008087;0.003421;57.420528;
0.003444;0.007342;0.003392;57.428646;
0.003986;0.007790;0.003373;57.436016;
0.003480;0.007274;0.003388;57.443829;
0.004141;0.007995;0.003398;57.451134;
0.003562;0.007433;0.003401;57.459152;
0.003476;0.008327;0.004383;57.466614;
0.003506;0.007390;0.003421;57.474968;
0.003476;0.008291;0.004349;57.482395;
0.003559;0.007568;0.003506;57.490711;
0.003459;0.008338;0.004395;57.498314;
0.003496;0.007306;0.003421;57.506683;
0.003455;0.007890;0.004066;57.514019;
0.003809;0.007837;0.003592;57.521938;
0.003520;0.007405;0.003380;57.529800;
0.003990;0.007809;0.003407;57.537254;
0.003470;0.007299;0.003406;57.545090;
0.004102;0.007970;0.003409;57.552414;
0.003470;0.007320;0.003371;57.560413;
0.005198;0.009115;0.003459;57.567764;
0.003504;0.007304;0.003377;57.576904;
0.005015;0.008922;0.003455;57.584236;
0.003441;0.007312;0.003395;57.593185;
0.004490;0.008318;0.003425;57.600529;
0.003459;0.007413;0.003531;57.608871;
0.003404;0.008584;0.004720;57.616333;
0.003424;0.007233;0.003359;57.624950;
0.003576;0.008335;0.004302;57.632210;
0.003470;0.007493;0.003553;57.640572;
0.003495;0.008221;0.004307;57.648094;
0.003427;0.007417;0.003436;57.656353;
0.003541;0.007299;0.003355;57.663815;
0.004047;0.007910;0.003397;57.671135;
0.003536;0.007389;0.003380;57.679077;
0.004034;0.007987;0.003464;57.686493;
0.003611;0.007447;0.003408;57.694515;
0.004095;0.007904;0.003372;57.701988;
0.003509;0.007578;0.003546;57.709919;
0.004513;0.008410;0.003428;57.717529;
0.003593;0.007469;0.003432;57.725967;
0.003452;0.008353;0.004363;57.733471;
0.003517;0.007330;0.003409;57.741852;
0.003445;0.008243;0.004302;57.749210;
0.003471;0.007342;0.003441;57.757477;
0.003453;0.008236;0.004342;57.764847;
0.003491;0.007248;0.003380;57.773113;
0.003518;0.007640;0.003449;57.780388;
0.003968;0.007870;0.003463;57.788063;
0.003460;0.007377;0.003388;57.795959;
0.004077;0.008149;0.003513;57.803364;
0.003495;0.007532;0.003490;57.811543;
0.004007;0.007842;0.003422;57.819103;
0.003491;0.007505;0.003520;57.826973;
0.005084;0.009006;0.003389;57.834511;
0.003440;0.007362;0.003445;57.843552;
0.004513;0.008345;0.003403;57.850933;
0.003426;0.007391;0.003451;57.859333;
0.003479;0.008209;0.004304;57.866749;
0.003500;0.007366;0.003379;57.874989;
0.003489;0.008292;0.004313;57.882389;
0.003505;0.007476;0.003466;57.890709;
0.003521;0.008715;0.004757;57.898212;
0.003488;0.007467;0.003477;57.906956;
0.003534;0.007384;0.003344;57.914452;
0.003962;0.007873;0.003412;57.921864;
0.003635;0.007404;0.003361;57.929760;
0.004146;0.008073;0.003465;57.937191;
0.003503;0.007284;0.003352;57.945293;
0.004064;0.007999;0.003420;57.952602;
0.003522;0.007351;0.003447;57.960632;
0.004447;0.008341;0.003396;57.968010;
0.003456;0.007274;0.003383;57.976379;
0.003430;0.008239;0.004370;57.983681;
0.003539;0.007360;0.003403;57.991947;
0.003448;0.008295;0.004330;57.999332;
0.003519;0.007353;0.003402;58.007660;
0.003468;0.008307;0.004377;58.015038;
0.003543;0.007344;0.003389;58.023396;
0.003486;0.007462;0.003426;58.030766;
0.004037;0.007915;0.003442;58.038261;
0.003533;0.007324;0.003323;58.046200;
0.004089;0.008066;0.003459;58.053555;
0.003547;0.007427;0.003434;58.061653;
0.003921;0.007726;0.003389;58.069103;
0.003486;0.007357;0.003438;58.076859;
0.003546;0.008322;0.004349;58.084244;
0.003474;0.007374;0.003420;58.092598;
0.003524;0.008290;0.004327;58.100002;
0.003442;0.007396;0.003426;58.108326;
0.003446;0.008269;0.004375;58.115757;
0.003491;0.007373;0.003429;58.124058;
0.003537;0.007407;0.003386;58.131458;
0.004021;0.008097;0.003502;58.138889;
0.003587;0.007442;0.003299;58.147015;
0.003919;0.007906;0.003410;58.154491;
0.003468;0.007406;0.003457;58.162426;
0.003968;0.007988;0.003534;58.169857;
0.003569;0.007427;0.003458;58.177879;
0.005034;0.009061;0.003465;58.185329;
0.003549;0.007409;0.003414;58.194427;
0.004660;0.008589;0.003416;58.201859;
0.003567;0.007380;0.003401;58.210480;
0.003496;0.008295;0.004303;58.217888;
0.003575;0.007533;0.003382;58.226208;
0.003465;0.008291;0.004329;58.233772;
0.003519;0.007416;0.003418;58.242092;
0.003451;0.008329;0.004383;58.249531;
0.003554;0.007333;0.003363;58.257889;
0.003482;0.007394;0.003363;58.265251;
0.003989;0.007753;0.003339;58.272678;
0.003473;0.007391;0.003394;58.280457;
0.003968;0.007828;0.003374;58.287884;
0.003473;0.007444;0.003444;58.295746;
0.004017;0.007873;0.003400;58.303219;
0.003478;0.007404;0.003441;58.311123;
0.004401;0.008339;0.003479;58.318558;
0.003531;0.007492;0.003397;58.326927;
0.003417;0.008305;0.004351;58.334450;
0.003489;0.007299;0.003390;58.342785;
0.003443;0.008227;0.004332;58.350113;
0.003490;0.007359;0.003400;58.358368;
0.003468;0.008206;0.004368;58.365757;
0.003453;0.007272;0.003399;58.373989;
0.003528;0.007406;0.003361;58.381294;
0.003984;0.008252;0.003844;58.388733;
0.003509;0.007354;0.003405;58.397015;
0.004117;0.007918;0.003397;58.404392;
0.003436;0.007366;0.003392;58.412350;
0.003986;0.007751;0.003336;58.419743;
0.003465;0.007348;0.003388;58.427536;
0.003492;0.008300;0.004344;58.434914;
0.003479;0.007453;0.003469;58.443241;
0.003489;0.010054;0.006075;58.450722;
0.003585;0.007478;0.003419;58.460804;
0.003472;0.008340;0.004410;58.468311;
0.003533;0.007496;0.003522;58.476673;
0.003518;0.008334;0.004392;58.484203;
0.003554;0.007418;0.003385;58.492558;
0.003509;0.008281;0.004298;58.500004;
0.003524;0.007365;0.003341;58.508312;
0.003553;0.007451;0.003424;58.515709;
0.004000;0.007845;0.003376;58.523182;
0.003502;0.007323;0.003400;58.531059;
0.004081;0.007991;0.003445;58.538410;
0.003564;0.007672;0.003418;58.546440;
0.003805;0.007690;0.003389;58.554146;
0.003623;0.007596;0.003472;58.561863;
0.005057;0.008853;0.003348;58.569489;
0.003556;0.007328;0.003372;58.578377;
0.004509;0.008432;0.003464;58.585747;
0.003530;0.007468;0.003455;58.594208;
0.003468;0.008274;0.004362;58.601700;
0.003517;0.007338;0.003393;58.610004;
0.003492;0.008384;0.004291;58.617378;
0.003504;0.007326;0.003424;58.625790;
0.003455;0.008383;0.004304;58.633148;
0.003346;0.007252;0.003317;58.641560;
0.003523;0.007324;0.003345;58.648842;
0.004108;0.008240;0.003605;58.656197;
0.003449;0.007274;0.003394;58.664478;
0.004091;0.008038;0.003436;58.671780;
0.003492;0.007354;0.003448;58.679848;
0.004123;0.007971;0.003446;58.687233;
0.003474;0.007295;0.003386;58.695232;
0.004477;0.008272;0.003412;58.702557;
0.003581;0.007650;0.003526;58.710850;
0.003446;0.008334;0.004450;58.718536;
0.003510;0.007491;0.003446;58.726898;
0.003474;0.008256;0.004338;58.734428;
0.003492;0.007268;0.003370;58.742714;
0.003491;0.008209;0.004344;58.750011;
0.003475;0.007429;0.003438;58.758251;
0.003506;0.007441;0.003412;58.765705;
0.003989;0.007848;0.003403;58.773170;
0.003485;0.007434;0.003391;58.781048;
0.003975;0.007891;0.003396;58.788513;
0.003534;0.007482;0.003483;58.796440;
0.003790;0.007795;0.003430;58.803951;
0.003474;0.007359;0.003443;58.811775;
0.003397;0.008227;0.004333;58.819172;
0.003559;0.007372;0.003365;58.827435;
0.003460;0.008197;0.004284;58.834831;
0.003548;0.007418;0.003428;58.843060;
0.003448;0.008305;0.004335;58.850502;
0.003527;0.007469;0.003477;58.858841;
0.003523;0.007466;0.003463;58.866341;
0.003995;0.007867;0.003432;58.873840;
0.003558;0.007356;0.003368;58.881733;
0.004125;0.008007;0.003417;58.889114;
0.003514;0.007346;0.003364;58.897152;
0.004128;0.008013;0.003423;58.904530;
0.003619;0.007537;0.003453;58.912571;
0.004581;0.008646;0.003539;58.920132;
0.003489;0.007388;0.003483;58.928810;
0.004515;0.008348;0.003356;58.936222;
0.003459;0.007391;0.003480;58.944599;
0.003492;0.008424;0.004472;58.952015;
0.003445;0.007437;0.003538;58.960468;
0.003488;0.008278;0.004371;58.967934;
0.003560;0.007524;0.003451;58.976242;
0.003494;0.008328;0.004368;58.983799;
0.003530;0.007481;0.003429;58.992161;
0.003529;0.007628;0.003552;58.999676;
0.003941;0.007909;0.003502;59.007328;
0.003504;0.007408;0.003364;59.015266;
0.003950;0.007839;0.003415;59.022705;
0.003502;0.007325;0.003420;59.030567;
0.004035;0.007944;0.003442;59.037926;
0.003517;0.007542;0.003550;59.045898;
0.003983;0.007874;0.003465;59.053467;
0.003505;0.007399;0.003467;59.061371;
0.003449;0.008266;0.004414;59.068798;
0.003516;0.007390;0.003400;59.077091;
0.003459;0.008259;0.004363;59.084511;
0.003600;0.007449;0.003412;59.092796;
0.003469;0.008388;0.004466;59.100269;
0.003491;0.007337;0.003415;59.108688;
0.003510;0.007401;0.003397;59.116058;
0.003979;0.007769;0.003391;59.123486;
0.003480;0.007487;0.003483;59.131287;
0.003935;0.007789;0.003377;59.138802;
0.003524;0.007338;0.003390;59.146618;
0.005063;0.009050;0.003516;59.153980;
0.003512;0.007392;0.003413;59.163055;
0.005032;0.009082;0.003538;59.170494;
0.003421;0.007287;0.003394;59.179604;
0.004431;0.008268;0.003415;59.186920;
0.003476;0.007763;0.003877;59.195213;
0.003522;0.008560;0.004442;59.203007;
0.003616;0.007496;0.003447;59.211605;
0.003443;0.008239;0.004346;59.219124;
0.003540;0.007449;0.003471;59.227394;
0.003439;0.008226;0.004351;59.234871;
0.003569;0.007356;0.003352;59.243126;
0.003493;0.007355;0.003415;59.250504;
0.004096;0.007958;0.003413;59.257889;
0.003540;0.007502;0.003382;59.265873;
0.004040;0.007888;0.003457;59.273438;
0.003540;0.007341;0.003345;59.281357;
0.004149;0.008142;0.003473;59.288727;
0.003503;0.007369;0.003403;59.296890;
0.005075;0.008890;0.003418;59.304287;
0.003490;0.007432;0.003369;59.313206;
0.005137;0.009052;0.003432;59.320671;
0.003447;0.007408;0.003441;59.329754;
0.004673;0.008620;0.003454;59.337185;
0.003471;0.007339;0.003424;59.345837;
0.003560;0.008336;0.004351;59.353199;
0.003448;0.007394;0.003453;59.361565;
0.003493;0.008243;0.004360;59.368988;
0.003527;0.007347;0.003389;59.377254;
0.003499;0.008345;0.004382;59.384632;
0.003460;0.007363;0.003426;59.393002;
0.003457;0.007324;0.003346;59.400402;
0.004006;0.007936;0.003403;59.407757;
0.003522;0.007333;0.003381;59.415718;
0.004110;0.008139;0.003523;59.423080;
0.003596;0.007432;0.003371;59.431244;
0.003986;0.007966;0.003407;59.438705;
0.003555;0.007365;0.003380;59.446705;
0.004542;0.008473;0.003429;59.454098;
0.003493;0.007290;0.003388;59.462597;
0.003455;0.008229;0.004339;59.469921;
0.003553;0.007316;0.003383;59.478172;
0.003441;0.008425;0.004489;59.485516;
0.003569;0.007312;0.003340;59.493969;
0.003480;0.007972;0.004059;59.501312;
0.003544;0.007592;0.003458;59.509312;
0.003515;0.007320;0.003359;59.516937;
0.004112;0.007884;0.003370;59.524284;
0.003526;0.007545;0.003382;59.532196;
0.003893;0.007795;0.003443;59.539772;
0.003415;0.007386;0.003449;59.547596;
0.005068;0.009007;0.003452;59.555008;
0.003480;0.007435;0.003491;59.564041;
0.005130;0.009003;0.003447;59.571507;
0.003443;0.007355;0.003485;59.580536;
0.004610;0.008477;0.003402;59.587944;
0.003475;0.007407;0.003469;59.596451;
0.003474;0.008272;0.004379;59.603886;
0.003467;0.007313;0.003377;59.612186;
0.003492;0.008221;0.004296;59.619530;
0.003532;0.007401;0.003380;59.627777;
0.003504;0.008403;0.004398;59.635208;
0.003453;0.007382;0.003410;59.643639;
0.003488;0.007212;0.003348;59.651051;
0.004085;0.007974;0.003435;59.658291;
0.003502;0.007311;0.003378;59.666298;
0.003986;0.007866;0.003338;59.673637;
0.003474;0.007393;0.003516;59.681534;
0.003696;0.007521;0.003369;59.688957;
0.003421;0.007355;0.003423;59.696507;
0.003485;0.008240;0.004282;59.703892;
0.003519;0.007392;0.003395;59.712158;
0.003418;0.008359;0.004423;59.719585;
0.003496;0.007357;0.003445;59.727966;
0.003515;0.008332;0.004337;59.735352;
0.003516;0.007400;0.003455;59.743713;
0.003557;0.007487;0.003380;59.751141;
0.003987;0.007853;0.003424;59.758656;
0.003541;0.007439;0.003367;59.766541;
0.003986;0.007806;0.003414;59.774006;
0.003507;0.007478;0.003436;59.781841;
0.003661;0.007521;0.003362;59.789349;
0.003568;0.007453;0.003454;59.796898;
0.004467;0.008313;0.003391;59.804386;
0.003477;0.007304;0.003394;59.812725;
0.003514;0.008391;0.004447;59.820057;
0.003509;0.007393;0.003395;59.828476;
0.003514;0.008318;0.004394;59.835899;
0.003480;0.007335;0.003382;59.844242;
0.003398;0.007269;0.003343;59.851612;
0.003946;0.007847;0.003373;59.858910;
0.003502;0.007403;0.003393;59.866787;
0.004005;0.007886;0.003465;59.874210;
0.003469;0.007394;0.003419;59.882130;
0.003993;0.007992;0.003505;59.889553;
0.003518;0.007424;0.003470;59.897575;
0.004600;0.008586;0.003412;59.905029;
0.003464;0.007332;0.003401;59.913635;
0.003365;0.008120;0.004312;59.921009;
0.003557;0.007523;0.003440;59.929165;
0.003468;0.008277;0.004311;59.936722;
0.003465;0.007289;0.003414;59.945030;
0.003456;0.008564;0.004651;59.952351;
0.003545;0.007454;0.003445;59.960949;
0.003523;0.007509;0.003518;59.968430;
0.003864;0.007757;0.003378;59.975964;
0.003514;0.007451;0.003434;59.983749;
0.003963;0.007806;0.003417;59.991222;
0.003508;0.007261;0.003356;59.999062;
0.004062;0.007883;0.003413;60.006348;
0.003560;0.007368;0.003384;60.014259;
0.004465;0.008334;0.003402;60.021656;
0.003597;0.007460;0.003436;60.030022;
0.003448;0.008243;0.004303;60.037506;
0.003516;0.007410;0.003490;60.045780;
0.003439;0.008248;0.004376;60.053215;
0.003488;0.007525;0.003559;60.061497;
0.003530;0.008026;0.004016;60.069042;
0.003507;0.007516;0.003511;60.077099;
0.003503;0.007328;0.003377;60.084641;
0.004124;0.007908;0.003364;60.092003;
0.003516;0.007334;0.003415;60.099937;
0.004113;0.008038;0.003525;60.107300;
0.003460;0.007386;0.003403;60.115368;
0.005114;0.008964;0.003357;60.122787;
0.003488;0.007354;0.003430;60.131779;
0.005071;0.008997;0.003485;60.139156;
0.003456;0.007354;0.003430;60.148186;
0.005074;0.008997;0.003433;60.155567;
0.003468;0.007309;0.003401;60.164589;
0.004602;0.008674;0.003546;60.171925;
0.003439;0.007481;0.003485;60.180630;
0.003560;0.008366;0.004306;60.188137;
0.003481;0.007408;0.003417;60.196533;
0.003533;0.008281;0.004322;60.203976;
0.003458;0.007443;0.003416;60.212280;
0.003518;0.008423;0.004384;60.219761;
0.003536;0.007534;0.003513;60.228222;
0.003509;0.008387;0.004470;60.235783;
=AVERAGE(A630:A7681);=AVERAGE(B630:B7681);=AVERAGE(C630:C7681);AVERAGE;
=STDEV(A630:A7681);=STDEV(B630:B7681);=STDEV(C630:C7681);STDEV;
